0
0
0
-0.06
-0.06
-0.06
-0.06
-0.06
-0.06
-0.06
0
0
0
-0.06
-0.06
-0.06
0
0
0
0
0
0
0
0
0
0.06
0.06
0.06
0.06
0
0
0
0
0
0
0
0
0
-0.06
-0.06
-0.06
-0.06
-0.06
0
0
0
0
0
0
0
0
0
0.06
0.06
0
0
0
-0.06
-0.06
-0.06
0
0
0.06
0.06
0
0
-0.06
-0.06
-0.06
0
0
0.06
0.12
0.179
0.12
0.06
0
0
-0.06
-0.06
-0.06
-0.06
0
0
0
0
0
0
0
0
-0.06
-0.06
-0.06
0
0
0
0
0
0
-0.06
-0.06
-0.06
-0.06
-0.06
0
0
0
0
0
0.06
0.06
0.06
0
0
0
0
0
0
0
0
0
0
0
-0.06
-0.06
-0.06
-0.06
-0.06
-0.06
0
0
0
0
0
0
0
0
0
0
-0.06
-0.06
-0.06
0
0
0
0
0
0
0
0
0
0
0
0
0.06
0.06
0.06
0
0
0
0
-0.06
-0.06
-0.06
-0.06
-0.06
0
0
0.06
0.06
0.06
0.06
0
0
0
0
0.06
0.06
0.06
0
0
0
0
0
0
0
0
0
0
0
0
0
0
0
0
0
0
0
0
0
0
0
0.06
0.06
0.12
0.12
0.179
0.179
0.239
0.299
0.299
0.299
0.299
0.299
0.239
0.239
0.299
0.359
0.359
0.359
0.419
0.419
0.419
0.478
0.538
0.598
0.658
0.658
0.658
0.658
0.718
0.777
0.837
0.897
0.897
0.897
0.897
0.957
0.957
1.017
1.076
1.076
1.136
1.136
1.196
1.256
1.316
1.375
1.435
1.495
1.495
1.495
1.435
1.375
1.256
1.076
0.897
0.658
0.419
0.06
-0.239
-0.538
-0.777
-0.957
-1.076
-1.136
-1.136
-1.196
-1.196
-1.316
-1.435
-1.555
-1.674
-1.734
-1.794
-1.794
-1.794
-1.734
-1.615
-1.495
-1.435
-1.435
-1.495
-1.495
-1.495
-1.495
-1.495
-1.495
-1.555
-1.674
-1.794
-1.854
-1.914
-1.794
-1.495
-1.196
-0.897
-0.777
-0.777
-1.017
-1.375
-1.734
-2.093
-2.332
-2.571
-2.691
-2.811
-2.811
-2.811
-2.691
-2.512
-2.093
-1.555
-0.957
-0.299
0.12
0.359
0.299
0
-0.419
-0.837
-1.136
-1.196
-0.837
-0.239
0.538
1.316
1.794
2.033
1.854
1.435
0.897
0.359
-0.12
-0.478
-0.837
-1.076
-1.256
-1.435
-1.555
-1.615
-1.615
-1.495
-1.316
-1.017
-0.777
-0.598
-0.478
-0.419
-0.359
-0.179
0
0.359
0.777
1.316
1.914
2.571
3.229
4.007
4.664
5.262
5.681
5.801
5.741
5.442
5.083
4.605
4.246
3.947
3.648
3.409
3.11
2.691
2.153
1.495
0.837
0.239
-0.239
-0.837
-1.555
-2.272
-2.87
-3.349
-3.468
-3.289
-2.691
-1.914
-1.017
-0.299
0.12
0.179
0.06
-0.179
-0.598
-0.957
-1.256
-1.495
-1.555
-1.375
-1.076
-0.777
-0.478
-0.239
-0.06
0.179
0.478
0.897
1.256
1.615
1.914
2.033
2.033
1.794
1.435
1.017
0.718
0.598
0.718
0.897
1.017
1.017
0.777
0.538
0.419
0.478
0.718
1.017
1.136
1.017
0.658
0.179
-0.299
-0.598
-0.598
-0.179
0.419
1.256
1.914
2.272
2.093
1.555
0.837
0.12
-0.359
-0.598
-0.658
-0.538
-0.419
-0.239
-0.12
0
0.239
0.478
0.658
0.658
0.299
-0.299
-1.196
-2.153
-2.99
-3.468
-3.588
-3.409
-2.99
-2.392
-1.615
-0.777
0.06
0.957
1.734
2.093
2.033
1.375
0.299
-0.837
-1.794
-2.213
-1.973
-1.196
-0.239
0.478
0.777
0.538
0.06
-0.299
-0.538
-0.359
0.06
0.718
1.375
1.794
2.033
1.973
1.734
1.375
1.017
0.658
0.239
-0.12
-0.658
-1.136
-1.495
-1.555
-1.375
-1.017
-0.718
-0.538
-0.419
-0.299
-0.179
0
0.12
0.239
0.179
0.06
-0.12
-0.419
-0.718
-0.957
-1.017
-0.957
-0.837
-0.837
-0.897
-1.076
-1.256
-1.196
-0.897
-0.359
0.179
0.658
0.897
0.837
0.538
0.179
0
0
0.419
1.076
1.854
2.452
2.691
2.571
2.093
1.435
0.658
-0.06
-0.777
-1.316
-1.555
-1.555
-1.196
-0.658
-0.06
0.239
0.299
0.12
-0.12
-0.419
-0.478
-0.239
0.239
0.897
1.435
1.674
1.555
1.076
0.538
0.12
-0.06
-0.179
-0.299
-0.538
-0.897
-1.196
-1.375
-1.375
-1.196
-1.017
-0.837
-0.658
-0.538
-0.359
-0.12
0.06
0.239
0.299
0.239
0
-0.299
-0.718
-1.076
-1.136
-1.017
-0.658
-0.239
0.06
0.419
0.777
1.136
1.495
1.794
2.033
2.093
2.033
1.794
1.435
1.017
0.538
0.06
-0.239
-0.478
-0.658
-0.777
-0.837
-0.957
-1.076
-1.196
-1.256
-1.316
-1.196
-1.136
-1.076
-1.076
-1.136
-1.136
-1.017
-0.718
-0.359
-0.12
-0.06
-0.179
-0.478
-0.837
-1.076
-1.256
-1.256
-1.136
-0.957
-0.718
-0.478
-0.299
0
0.359
0.897
1.555
2.093
2.512
2.631
2.392
1.854
1.076
0.12
-0.777
-1.555
-1.914
-1.914
-1.555
-0.897
-0.179
0.359
0.837
1.017
0.957
0.837
0.718
0.718
0.957
1.196
1.316
1.136
0.658
-0.06
-0.897
-1.435
-1.674
-1.435
-0.957
-0.359
0.12
0.419
0.538
0.478
0.419
0.419
0.598
1.017
1.615
2.213
2.811
3.229
3.468
3.468
3.229
2.811
2.093
1.136
0.12
-0.777
-1.435
-1.734
-1.674
-1.375
-0.957
-0.598
-0.299
-0.12
-0.06
0
-0.06
-0.12
-0.06
0
0.239
0.538
0.718
0.837
0.718
0.419
0
-0.658
-1.316
-1.914
-2.272
-2.332
-2.093
-1.615
-1.017
-0.419
0
0.179
0.179
0.12
0
-0.06
-0.06
0.06
0.359
0.837
1.196
1.435
1.375
0.957
0.359
-0.299
-0.837
-1.076
-0.957
-0.538
0
0.658
1.196
1.495
1.435
1.076
0.478
-0.179
-0.837
-1.256
-1.316
-1.196
-0.957
-0.658
-0.419
-0.359
-0.359
-0.478
-0.538
-0.538
-0.359
-0.12
0.239
0.658
0.957
1.136
1.076
0.837
0.419
0.06
-0.179
-0.239
-0.239
-0.12
-0.12
-0.179
-0.299
-0.478
-0.718
-0.777
-0.837
-0.777
-0.658
-0.538
-0.478
-0.359
-0.239
0
0.419
0.897
1.256
1.375
1.256
0.957
0.478
0.06
-0.12
-0.12
-0.06
0.06
0.12
0.06
0
-0.179
-0.179
0
0.478
1.136
1.734
2.213
2.452
2.272
1.794
1.017
0.12
-0.777
-1.555
-2.213
-2.691
-2.93
-3.05
-2.99
-2.751
-2.332
-1.794
-1.196
-0.598
-0.12
0.06
0.12
0.06
-0.06
-0.239
-0.359
-0.478
-0.538
-0.598
-0.658
-0.718
-0.837
-0.957
-1.017
-1.017
-0.897
-0.837
-0.837
-0.957
-1.017
-0.837
-0.359
0.478
1.615
2.93
4.066
4.844
5.023
4.545
3.648
2.452
1.256
0.299
-0.359
-0.897
-1.316
-1.615
-1.794
-1.794
-1.495
-1.017
-0.299
0.419
1.017
1.316
1.316
1.136
0.957
0.897
1.136
1.495
1.914
2.153
2.033
1.555
0.777
-0.12
-1.076
-1.914
-2.452
-2.691
-2.571
-2.213
-1.674
-0.957
-0.299
0.179
0.598
0.837
0.777
0.598
0.299
0.06
-0.12
-0.299
-0.419
-0.538
-0.658
-0.718
-0.718
-0.718
-0.658
-0.598
-0.598
-0.538
-0.419
-0.359
-0.239
-0.06
0.06
0.239
0.478
0.658
0.897
1.076
1.256
1.375
1.375
1.316
1.076
0.837
0.478
0.239
0.12
0.12
0.359
0.658
1.076
1.435
1.674
1.734
1.495
1.076
0.538
-0.06
-0.538
-0.957
-1.196
-1.256
-1.256
-1.256
-1.196
-1.136
-1.136
-1.136
-1.076
-0.897
-0.598
-0.179
0.239
0.598
0.837
0.837
0.658
0.239
-0.179
-0.658
-0.897
-0.957
-0.718
-0.299
0.239
0.777
1.256
1.555
1.674
1.615
1.316
0.837
0.359
-0.12
-0.538
-0.837
-0.897
-0.777
-0.419
0
0.299
0.359
0.06
-0.478
-1.196
-1.794
-2.033
-1.794
-1.256
-0.478
0.179
0.658
0.837
0.718
0.359
-0.06
-0.478
-0.777
-0.957
-0.837
-0.598
-0.179
0.239
0.777
1.256
1.674
1.914
1.914
1.734
1.435
1.017
0.598
0.179
-0.12
-0.419
-0.658
-0.837
-0.897
-0.777
-0.598
-0.239
0
0.12
0.06
-0.239
-0.777
-1.375
-1.914
-2.272
-2.332
-2.033
-1.435
-0.658
0.12
0.718
1.136
1.196
1.076
0.777
0.538
0.419
0.538
0.777
1.196
1.555
1.794
1.854
1.734
1.435
1.136
0.777
0.419
0.12
-0.12
-0.419
-0.718
-0.957
-1.136
-1.196
-1.136
-0.837
-0.359
0.179
0.777
1.196
1.375
1.196
0.718
0.06
-0.478
-1.017
-1.316
-1.495
-1.495
-1.495
-1.495
-1.495
-1.435
-1.256
-0.957
-0.598
-0.239
0
0.06
0.12
0.239
0.359
0.658
1.076
1.435
1.674
1.674
1.375
0.837
0.299
-0.12
-0.359
-0.359
-0.239
0
0.239
0.538
0.777
1.017
1.256
1.435
1.555
1.435
1.136
0.658
0.06
-0.478
-0.897
-1.076
-1.076
-0.957
-0.777
-0.777
-0.957
-1.196
-1.375
-1.495
-1.375
-1.076
-0.658
-0.12
0.299
0.897
1.435
1.794
1.973
1.794
1.316
0.718
0
-0.598
-1.076
-1.375
-1.435
-1.256
-0.777
-0.179
0.478
1.136
1.674
1.973
1.973
1.615
1.017
0.359
-0.239
-0.718
-1.076
-1.196
-1.375
-1.555
-1.914
-2.332
-2.631
-2.751
-2.512
-1.973
-1.196
-0.299
0.478
1.136
1.555
1.615
1.435
1.076
0.538
0
-0.658
-1.256
-1.794
-2.153
-2.213
-2.033
-1.555
-1.017
-0.478
0
0.299
0.538
0.777
0.957
1.256
1.555
1.854
1.973
1.854
1.495
0.957
0.359
-0.06
-0.359
-0.419
-0.239
0
0.179
0.239
0.12
-0.12
-0.538
-0.837
-1.017
-1.017
-0.777
-0.419
0.06
0.718
1.375
1.973
2.332
2.512
2.392
1.973
1.435
0.718
0
-0.598
-1.076
-1.375
-1.375
-1.196
-0.897
-0.478
-0.06
0.12
0.299
0.239
0.179
0.06
0
0.06
0.12
0.12
0
-0.179
-0.478
-0.777
-0.957
-1.017
-0.897
-0.658
-0.359
0
0.239
0.538
0.718
0.837
0.718
0.538
0.179
-0.12
-0.538
-0.837
-0.957
-0.957
-0.777
-0.538
-0.179
0.06
0.359
0.598
0.658
0.598
0.359
0
-0.239
-0.478
-0.538
-0.299
0.12
0.658
1.196
1.435
1.435
1.017
0.478
-0.06
-0.598
-0.837
-0.897
-0.777
-0.538
-0.239
0.06
0.359
0.658
0.897
1.017
1.076
1.017
0.957
0.837
0.718
0.598
0.419
0.239
0
-0.179
-0.419
-0.658
-0.837
-0.957
-0.957
-0.837
-0.658
-0.478
-0.359
-0.239
-0.179
-0.179
-0.179
-0.12
0
0.12
0.419
0.777
1.017
1.136
0.957
0.658
0.239
-0.12
-0.478
-0.598
-0.538
-0.299
0
0.478
0.897
1.256
1.435
1.495
1.316
1.076
0.658
0.239
-0.12
-0.538
-0.957
-1.256
-1.555
-1.734
-1.854
-1.734
-1.495
-1.017
-0.538
0
0.239
0.419
0.359
0.239
0.06
0.06
0.179
0.179
0.12
0
-0.359
-0.718
-1.136
-1.435
-1.615
-1.615
-1.555
-1.375
-1.076
-0.777
-0.478
-0.239
0
0.06
0.06
0
0
0
0.239
0.598
0.957
1.136
1.136
0.837
0.299
-0.239
-0.777
-1.196
-1.316
-1.196
-0.897
-0.478
0
0.359
0.777
1.136
1.435
1.555
1.555
1.375
1.136
0.897
0.718
0.598
0.538
0.538
0.598
0.777
0.957
1.136
1.375
1.555
1.734
1.734
1.674
1.375
0.957
0.419
0
-0.478
-0.777
-1.076
-1.196
-1.256
-1.256
-1.076
-0.957
-0.837
-0.777
-0.837
-0.957
-1.136
-1.316
-1.495
-1.555
-1.615
-1.615
-1.495
-1.375
-1.076
-0.718
-0.359
0
0.299
0.478
0.598
0.538
0.478
0.359
0.299
0.179
0.12
0
-0.12
-0.239
-0.359
-0.419
-0.478
-0.478
-0.478
-0.419
-0.359
-0.179
0
0.299
0.538
0.718
0.718
0.478
0
-0.538
-1.196
-1.615
-1.854
-1.734
-1.256
-0.598
0.179
0.957
1.615
2.093
2.213
2.093
1.674
1.136
0.478
-0.06
-0.538
-0.837
-1.017
-1.017
-1.017
-0.897
-0.658
-0.239
0.239
1.017
1.794
2.452
2.99
3.229
3.229
2.99
2.631
2.153
1.555
0.897
0.179
-0.419
-1.076
-1.555
-1.854
-1.854
-1.615
-1.196
-0.718
-0.239
0.06
0.299
0.299
0.179
0
-0.179
-0.419
-0.658
-0.897
-1.076
-1.076
-0.957
-0.718
-0.478
-0.239
-0.239
-0.359
-0.538
-0.718
-0.777
-0.658
-0.419
-0.179
0
0.12
0.12
0
-0.12
-0.179
-0.179
-0.12
0
0.06
0.06
0
-0.06
-0.299
-0.658
-0.957
-1.316
-1.495
-1.615
-1.615
-1.435
-1.076
-0.658
-0.299
0
0.179
0.299
0.299
0.239
0.179
0.06
0
-0.06
-0.179
-0.239
-0.179
0
0.239
0.718
1.256
1.674
1.973
2.033
1.973
1.734
1.495
1.256
1.076
0.897
0.777
0.598
0.419
0.299
0.179
0.06
-0.12
-0.419
-0.837
-1.375
-1.973
-2.512
-2.87
-2.811
-2.392
-1.555
-0.478
0.598
1.674
2.452
2.99
3.229
3.169
2.99
2.631
2.153
1.555
0.837
0.12
-0.598
-1.196
-1.555
-1.555
-1.316
-0.837
-0.239
0.299
0.777
1.136
1.375
1.435
1.316
1.136
0.837
0.419
0
-0.478
-0.957
-1.435
-1.734
-1.734
-1.495
-0.957
-0.299
0.419
1.076
1.555
1.734
1.674
1.375
0.897
0.419
0
-0.12
0
0.299
0.957
1.734
2.452
3.11
3.468
3.588
3.528
3.289
2.99
2.631
2.332
2.153
2.153
2.332
2.631
3.11
3.588
4.066
4.425
4.605
4.425
3.947
3.169
2.153
0.957
-0.299
-1.495
-2.452
-3.05
-3.289
-3.05
-2.512
-1.734
-0.897
-0.12
0.359
0.598
0.598
0.359
0
-0.538
-1.076
-1.555
-2.033
-2.452
-2.751
-2.93
-2.99
-2.87
-2.691
-2.332
-1.794
-0.957
0
0.957
1.794
2.272
2.272
1.794
0.897
-0.239
-1.615
-2.99
-4.306
-5.442
-6.279
-6.817
-7.116
-7.176
-6.997
-6.698
-6.339
-5.801
-5.143
-4.306
-3.409
-2.452
-1.615
-0.957
-0.478
-0.179
-0.12
-0.239
-0.419
-0.598
-0.658
-0.598
-0.478
-0.239
0
0.359
0.777
1.256
1.854
2.631
3.409
4.186
4.724
5.023
4.844
4.126
3.05
1.734
0.299
-0.837
-1.794
-2.272
-2.272
-1.734
-0.718
0.478
1.734
2.87
3.588
3.827
3.648
3.05
2.213
1.196
0.12
-0.837
-1.734
-2.452
-2.99
-3.229
-3.229
-2.93
-2.392
-1.555
-0.658
0.299
1.316
2.213
2.99
3.648
4.066
4.246
4.007
3.349
2.272
0.897
-0.538
-1.914
-2.87
-3.289
-2.99
-2.033
-0.538
1.316
3.229
4.904
6.1
6.698
6.518
5.621
4.186
2.392
0.478
-1.256
-2.691
-3.767
-4.485
-4.963
-5.262
-5.382
-5.322
-5.023
-4.425
-3.468
-2.213
-0.777
0.658
2.033
3.229
4.186
4.844
5.262
5.203
4.784
3.827
2.512
0.957
-0.538
-1.914
-2.87
-3.229
-2.99
-2.213
-1.017
0.299
1.615
2.811
3.648
4.186
4.246
3.887
3.05
1.794
0.239
-1.495
-3.289
-4.844
-6.04
-6.698
-6.817
-6.399
-5.621
-4.485
-3.169
-1.674
-0.179
1.256
2.631
3.708
4.485
4.904
4.904
4.545
3.887
3.05
2.093
1.256
0.598
0
-0.419
-0.897
-1.375
-1.794
-2.153
-2.452
-2.571
-2.631
-2.512
-2.452
-2.272
-2.153
-1.973
-1.674
-1.375
-0.957
-0.538
-0.12
0.239
0.718
1.196
1.674
2.093
2.332
2.332
1.914
1.136
0
-1.256
-2.751
-4.186
-5.442
-6.578
-7.355
-7.834
-7.774
-7.116
-5.92
-4.306
-2.512
-0.837
0.419
1.196
1.435
1.196
0.718
0.12
-0.419
-0.837
-0.957
-0.718
-0.12
0.718
1.674
2.512
3.05
3.11
2.811
2.213
1.375
0.598
0
-0.359
-0.598
-0.658
-0.658
-0.658
-0.538
-0.359
0
0.359
0.777
1.256
1.615
1.854
2.093
2.332
2.691
3.169
3.887
4.664
5.442
6.04
6.399
6.399
6.1
5.561
4.664
3.409
1.794
-0.179
-2.452
-4.904
-7.296
-9.269
-10.525
-10.943
-10.465
-9.209
-7.415
-5.561
-3.827
-2.452
-1.435
-0.777
-0.299
-0.06
0
0
-0.06
-0.239
-0.419
-0.598
-0.718
-0.658
-0.359
0.12
0.837
1.615
2.452
3.11
3.588
3.767
3.588
2.99
2.093
1.017
-0.12
-1.076
-1.734
-2.033
-1.794
-1.196
-0.359
0.538
1.435
2.153
2.691
3.11
3.468
3.827
4.246
4.545
4.664
4.545
4.126
3.409
2.452
1.435
0.538
0
-0.06
0.06
0.538
1.017
1.316
1.435
1.256
0.897
0.478
0
-0.359
-0.598
-0.777
-0.837
-1.017
-1.316
-1.794
-2.452
-3.229
-3.947
-4.545
-4.904
-5.083
-4.963
-4.605
-4.126
-3.528
-2.93
-2.272
-1.674
-1.076
-0.419
0.06
0.478
0.718
0.777
0.598
0.239
-0.12
-0.478
-0.777
-1.017
-1.017
-0.777
-0.299
0.359
1.256
2.153
2.87
3.349
3.468
3.229
2.751
2.033
1.316
0.598
0.06
-0.179
-0.359
-0.239
0.06
0.658
1.495
2.452
3.468
4.425
5.203
5.86
6.339
6.638
6.817
6.877
6.698
6.339
5.681
4.724
3.528
2.093
0.538
-0.777
-1.794
-2.332
-2.272
-1.615
-0.538
0.598
1.794
2.691
3.11
3.11
2.751
2.213
1.555
0.957
0.299
-0.239
-0.777
-1.375
-1.854
-2.272
-2.571
-2.691
-2.571
-2.272
-1.794
-1.196
-0.658
-0.179
0.06
0.239
0.299
0.12
-0.179
-0.658
-1.316
-2.093
-2.811
-3.409
-3.827
-3.947
-3.827
-3.528
-2.99
-2.332
-0.718
0.06
0.837
1.555
2.093
2.512
2.751
2.811
2.751
2.631
2.272
1.854
1.316
0.777
0.299
0
-0.06
-0.06
0.06
0.359
0.598
0.777
0.837
0.777
0.598
0.359
0.12
-0.06
-0.239
-0.478
-0.777
-1.256
-1.794
-2.452
-3.11
-3.708
-4.066
-4.126
-3.947
-3.409
-2.691
-1.794
-0.777
0.179
1.196
2.153
3.05
3.827
4.306
4.425
4.007
3.05
1.555
-0.239
-2.272
-4.126
-5.621
-6.638
-7.116
-7.056
-6.578
-5.741
-4.664
-3.409
-2.213
-1.017
-0.06
0.538
0.897
0.837
0.478
-0.06
-0.837
-1.555
-2.153
-2.512
-2.571
-2.452
-2.213
-1.854
-1.555
-1.256
-1.017
-0.897
-0.837
-0.718
-0.658
-0.538
-0.419
-0.299
-0.239
-0.299
-0.419
-0.538
-0.658
-0.718
-0.658
-0.419
-0.06
0.359
0.957
1.555
2.093
2.571
2.99
3.169
3.229
3.11
2.87
2.571
2.272
1.973
1.734
1.435
1.076
0.718
0.299
0
-0.239
-0.419
-0.538
-0.478
-0.359
-0.239
-0.179
-0.179
-0.239
-0.419
-0.598
-0.718
-0.777
-0.718
-0.598
-0.419
-0.179
0.06
0.478
0.897
1.256
1.615
1.914
2.153
2.332
2.512
2.631
2.751
2.811
2.811
2.691
2.452
2.033
1.435
0.718
0
-0.718
-1.435
-2.033
-2.392
-2.392
-2.093
-1.435
-0.538
0.359
1.316
2.093
2.512
2.631
2.392
1.854
1.256
0.598
0.12
-0.12
-0.179
-0.12
0.06
0.299
0.598
0.897
1.316
1.794
2.272
2.751
3.05
3.289
3.229
2.99
2.452
1.674
0.598
-0.478
-1.674
-2.751
-3.528
-4.007
-4.066
-3.887
-3.468
-2.93
-2.392
-1.854
-1.435
-1.017
-0.598
-0.12
0.299
0.777
1.136
1.435
1.615
1.615
1.615
1.495
1.435
1.375
1.435
1.495
1.615
1.674
1.674
1.495
1.136
0.598
0
-0.718
-1.375
-1.854
-2.153
-2.272
-2.332
-2.392
-2.631
-2.93
-3.409
-3.827
-4.246
-4.425
-4.306
-4.007
-3.588
-3.05
-2.631
-2.332
-2.153
-2.033
-1.973
-1.914
-1.794
-1.615
-1.316
-1.017
-0.658
-0.299
0
0.239
0.478
0.658
0.777
0.837
0.897
0.957
1.076
1.316
1.555
1.794
2.033
2.213
2.272
2.332
2.272
2.213
2.093
1.973
1.794
1.555
1.375
1.136
1.017
1.076
1.256
1.555
1.854
2.033
1.973
1.615
1.076
0.359
-0.299
-0.837
-1.256
-1.375
-1.196
-0.837
-0.239
0.359
1.017
1.615
2.093
2.392
2.452
2.392
2.153
1.914
1.674
1.495
1.495
1.555
1.794
2.093
2.392
2.751
3.229
3.708
4.186
4.664
5.023
5.203
5.262
5.083
4.784
4.485
4.246
4.066
4.007
4.126
4.246
4.246
4.066
3.648
2.811
1.794
0.478
-0.777
-2.093
-3.289
-4.306
-5.083
-5.681
-6.159
-6.578
-6.877
-7.176
-7.355
-7.475
-7.475
-7.415
-7.355
-7.296
-7.296
-7.355
-7.595
-7.894
-8.193
-8.551
-8.731
-8.85
-8.85
-8.731
-8.432
-7.953
-7.236
-6.458
-5.561
-4.664
-3.827
-3.11
-2.571
-2.213
-1.973
-1.914
-1.854
-1.914
-1.914
-1.854
-1.674
-1.375
-1.017
-0.538
-0.12
0.179
0.478
0.718
0.837
1.017
1.136
1.256
1.375
1.495
1.555
1.674
1.734
1.794
1.794
1.854
1.973
2.153
2.332
2.631
2.99
3.468
3.947
4.545
5.083
5.561
5.86
5.98
5.801
5.322
4.724
3.947
3.169
2.512
2.033
1.734
1.734
1.973
2.452
3.05
3.767
4.485
5.143
5.681
6.04
6.219
6.159
5.92
5.502
5.023
4.485
4.007
3.468
2.93
2.272
1.555
0.718
-0.12
-1.076
-1.914
-2.691
-3.349
-3.947
-4.425
-4.724
-4.844
-4.724
-4.365
-3.708
-2.811
-1.734
-0.538
0.538
1.555
2.452
3.169
3.648
4.007
4.246
4.246
4.126
3.767
3.289
2.631
1.973
1.316
0.718
0.239
-0.06
-0.359
-0.538
-0.718
-0.957
-1.256
-1.555
-1.973
-2.272
-2.512
-2.631
-2.571
-2.392
-2.033
-1.674
-1.316
-0.957
-0.718
-0.598
-0.538
-0.538
-0.658
-0.837
-1.017
-1.256
-1.435
-1.615
-1.734
-1.734
-1.674
-1.615
-1.555
-1.495
-1.495
-1.555
-1.555
-1.555
-1.495
-1.435
-1.435
-1.495
-1.615
-1.794
-1.973
-2.093
-2.093
-1.973
-1.734
-1.435
-1.196
-0.957
-0.777
-0.718
-0.658
-0.538
-0.478
-0.299
-0.12
0.06
0.299
0.538
0.777
0.957
1.196
1.316
1.435
1.555
1.674
1.794
1.973
2.213
2.392
2.571
2.691
2.751
2.691
2.452
2.093
1.555
1.017
0.478
0.06
-0.299
-0.598
-0.897
-1.136
-1.375
-1.615
-1.914
-2.153
-2.512
-2.87
-3.229
-3.648
-3.947
-4.126
-4.186
-4.126
-3.947
-3.648
-3.349
-3.05
-2.751
-2.392
-1.973
-1.495
-0.957
-0.359
0.179
0.718
1.136
1.435
1.615
1.674
1.555
1.316
0.957
0.598
0.239
0
-0.12
-0.12
0
0.419
0.897
1.495
2.093
2.631
3.05
3.409
3.588
3.708
3.708
3.648
3.588
3.409
3.169
2.691
2.033
1.256
0.419
-0.239
-0.777
-1.136
-1.256
-1.136
-0.897
-0.538
-0.179
0.12
0.419
0.538
0.538
0.419
0.12
-0.179
-0.598
-0.897
-1.136
-1.256
-1.196
-0.957
-0.538
-0.06
0.359
0.897
1.375
1.734
2.093
2.272
2.392
2.392
2.272
2.153
1.914
1.734
1.555
1.375
1.316
1.316
1.375
1.375
1.435
1.435
1.435
1.435
1.495
1.495
1.495
1.435
1.256
1.017
0.718
0.359
0
-0.239
-0.538
-0.718
-0.777
-0.777
-0.658
-0.478
-0.299
-0.06
0.06
0.299
0.478
0.598
0.718
0.718
0.658
0.478
0.239
0
-0.299
-0.598
-0.897
-1.196
-1.375
-1.495
-1.495
-1.435
-1.316
-1.076
-0.777
-0.419
-0.06
0.179
0.419
0.478
0.478
0.299
0.06
-0.179
-0.419
-0.658
-0.718
-0.777
-0.837
-0.897
-1.017
-1.196
-1.435
-1.674
-1.914
-2.093
-2.332
-2.691
-3.11
-3.648
-4.186
-4.724
-5.143
-5.442
-5.561
-5.502
-5.262
-4.904
-4.485
-4.066
-3.588
-3.11
-2.751
-2.512
-2.452
-2.512
-2.751
-3.11
-3.468
-3.708
-3.887
-3.827
-3.648
-3.349
-2.99
-2.571
-2.093
-1.674
-1.196
-0.777
-0.359
0.06
0.478
0.837
1.136
1.256
1.256
1.196
1.076
1.017
1.017
1.017
1.136
1.316
1.615
1.973
2.392
2.99
3.588
4.186
4.784
5.382
5.801
6.159
6.339
6.339
6.279
6.1
5.86
5.621
5.382
5.143
4.784
4.485
4.126
3.827
3.648
3.528
3.528
3.648
3.708
3.767
3.648
3.349
2.93
2.332
1.615
0.837
0.06
-0.598
-1.256
-1.734
-2.033
-2.153
-2.153
-1.914
-1.615
-1.136
-0.598
0
0.538
1.017
1.375
1.555
1.495
1.316
0.897
0.299
-0.239
-0.897
-1.555
-2.093
-2.571
-2.93
-3.11
-3.11
-2.87
-2.392
-1.854
-1.316
-0.777
-0.419
-0.299
-0.359
-0.598
-0.957
-1.316
-1.674
-2.033
-2.272
-2.452
-2.631
-2.751
-2.751
-2.751
-2.631
-2.392
-2.093
-1.734
-1.256
-0.777
-0.299
0.06
0.538
0.957
1.435
1.794
2.033
2.213
2.213
2.093
1.973
1.794
1.615
1.495
1.495
1.615
1.794
1.973
2.153
2.213
2.213
2.153
1.973
1.734
1.435
1.136
0.897
0.658
0.538
0.419
0.419
0.419
0.359
0.359
0.239
0.06
-0.179
-0.538
-1.076
-1.674
-2.332
-2.99
-3.588
-4.126
-4.425
-4.605
-4.605
-4.545
-4.425
-4.246
-4.126
-4.007
-3.887
-3.289
-2.87
-2.392
-1.794
-1.136
-0.538
0
0.538
0.957
1.375
1.674
1.914
2.093
2.153
2.153
2.033
1.854
1.615
1.316
0.957
0.598
0.239
0.06
-0.06
-0.12
-0.06
0
0.06
0.239
0.359
0.478
0.538
0.478
0.419
0.239
0.06
-0.06
-0.299
-0.478
-0.718
-0.837
-1.017
-1.136
-1.196
-1.256
-1.256
-1.256
-1.136
-0.957
-0.718
-0.419
-0.12
0.179
0.478
0.718
0.957
1.076
1.196
1.316
1.375
1.435
1.435
1.375
1.316
1.196
1.076
1.017
0.957
0.957
0.957
1.076
1.196
1.316
1.495
1.615
1.734
1.794
1.854
1.794
1.674
1.555
1.375
1.256
1.196
1.136
1.136
1.136
1.196
1.256
1.375
1.555
1.674
1.794
1.794
1.615
1.375
0.957
0.478
0
-0.419
-0.897
-1.375
-1.914
-2.392
-2.87
-3.349
-3.827
-4.246
-4.605
-4.904
-5.023
-4.963
-4.844
-4.605
-4.306
-3.947
-3.588
-3.229
-2.93
-2.631
-2.272
-1.914
-1.555
-1.136
-0.718
-0.419
-0.06
0.12
0.299
0.478
0.538
0.598
0.538
0.419
0.299
0.179
0.06
0.12
0.179
0.239
0.359
0.419
0.419
0.419
0.359
0.359
0.419
0.538
0.718
1.017
1.256
1.495
1.674
1.794
1.914
2.033
2.153
2.332
2.452
2.512
2.512
2.452
2.392
2.272
2.213
2.093
2.033
1.973
1.854
1.794
1.734
1.674
1.615
1.555
1.495
1.375
1.256
1.196
1.076
1.076
1.136
1.316
1.435
1.615
1.734
1.794
1.854
1.854
1.794
1.734
1.615
1.435
1.196
1.017
0.777
0.598
0.419
0.239
0.06
0
0
0
0
0.06
0.12
0.12
0.06
0
-0.239
-0.478
-0.718
-0.957
-1.136
-1.256
-1.316
-1.316
-1.256
-1.256
-1.196
-1.076
-1.017
-0.837
-0.718
-0.598
-0.478
-0.478
-0.478
-0.598
-0.658
-0.777
-0.897
-0.957
-1.017
-1.136
-1.256
-1.375
-1.435
-1.555
-1.555
-1.495
-1.435
-1.316
-1.136
-0.957
-0.837
-0.718
-0.658
-0.658
-0.598
-0.538
-0.538
-0.478
-0.478
-0.598
-0.777
-0.957
-1.256
-1.555
-1.794
-2.033
-2.272
-2.452
-2.571
-2.691
-2.811
-2.93
-2.93
-2.87
-2.751
-2.571
-2.272
-2.033
-1.854
-1.674
-1.555
-1.495
-1.435
-1.375
-1.256
-1.136
-0.957
-0.718
-0.419
-0.12
0.12
0.419
0.777
1.076
1.375
1.615
1.854
2.033
2.093
2.093
1.973
1.854
1.674
1.495
1.375
1.196
1.136
1.076
1.076
1.136
1.196
1.375
1.615
1.854
2.093
2.332
2.571
2.751
2.87
2.93
2.87
2.751
2.571
2.452
2.272
2.033
1.794
1.495
1.136
0.777
0.478
0.179
0
-0.06
-0.179
-0.239
-0.299
-0.419
-0.538
-0.598
-0.598
-0.478
-0.239
0
0.179
0.299
0.419
0.359
0.179
0
-0.299
-0.598
-0.897
-1.076
-1.196
-1.256
-1.256
-1.196
-1.136
-1.017
-0.897
-0.777
-0.538
-0.359
-0.06
0.12
0.419
0.718
0.957
1.196
1.375
1.435
1.435
1.256
0.957
0.598
0.239
-0.06
-0.359
-0.658
-0.837
-0.957
-1.076
-1.136
-1.196
-1.256
-1.196
-1.136
-1.076
-0.957
-0.897
-0.777
-0.598
-0.478
-0.299
-0.12
0
0.12
0.299
0.538
0.837
1.136
1.495
1.854
2.213
2.512
2.811
2.99
3.05
3.05
2.99
2.811
2.512
2.153
1.734
1.256
0.777
0.359
0
-0.299
-0.538
-0.658
-0.718
-0.718
-0.658
-0.718
-0.777
-0.897
-1.076
-1.256
-1.435
-1.555
-1.615
-1.674
-1.734
-1.734
-1.794
-1.794
-1.794
-1.734
-1.615
-1.495
-1.316
-1.076
-0.897
-0.718
-0.658
-0.598
-0.598
-0.598
-0.658
-0.658
-0.658
-0.658
-0.598
-0.538
-0.419
-0.299
-0.12
-0.06
0
0.06
0.12
0.179
0.179
0.239
0.239
0.299
0.239
0.239
0.239
0.239
0.239
0.299
0.299
0.299
0.299
0.239
0.179
0.12
0
-0.12
-0.299
-0.538
-0.777
-1.076
-1.316
-1.555
-1.794
-1.973
-2.153
-2.213
-2.272
-2.272
-2.213
-2.153
-2.093
-2.033
-1.973
-2.033
-2.153
-2.272
-2.392
-2.512
-2.631
-2.631
-2.631
-2.512
-2.392
-2.213
-1.973
-1.734
-1.316
-0.897
-0.478
-0.06
0.239
0.478
0.718
0.837
0.957
1.076
1.196
1.316
1.435
1.615
1.914
2.213
2.571
2.99
3.349
3.767
4.186
4.605
4.963
5.262
5.502
5.681
5.741
5.741
5.681
5.502
5.203
4.904
4.605
4.186
3.827
3.468
3.11
2.751
2.392
2.093
1.794
1.495
1.256
0.897
0.598
0.239
0
-0.299
-0.538
-0.718
-0.897
-1.017
-1.136
-1.196
-1.256
-1.256
-1.256
-1.256
-1.316
-1.435
-1.555
-1.734
-1.973
-2.213
-2.392
-2.631
-2.811
-2.87
-2.93
-2.99
-2.99
-2.99
-2.99
-3.05
-3.05
-3.11
-3.169
-3.11
-3.05
-2.93
-2.751
-2.452
-2.093
-1.734
-1.316
-0.897
-0.419
-0.06
0.299
0.598
0.837
1.017
1.136
1.196
1.256
1.256
1.256
1.196
1.076
0.897
0.658
0.359
0.12
0
-0.179
-0.299
-0.359
-0.359
-0.359
-0.299
-0.179
-0.06
0.06
0.179
0.359
0.538
0.658
0.837
0.957
1.136
1.316
1.435
1.615
1.674
1.794
1.794
1.854
1.854
1.854
1.854
1.794
1.674
1.495
1.196
0.897
0.538
0.239
-0.06
-0.359
-0.658
-0.897
-1.076
-1.196
-1.256
-1.256
-1.136
-0.957
-0.718
-0.419
-0.179
0.06
0.239
0.359
0.359
0.239
0.12
0
-0.239
-0.538
-0.777
-1.017
-1.256
-1.375
-1.495
-1.615
-1.615
-1.674
-1.734
-1.794
-1.854
-1.914
-1.973
-2.033
-2.033
-2.093
-2.093
-2.033
-1.973
-1.914
-1.794
-1.555
-1.316
-1.017
-0.598
-0.179
0.12
0.538
0.957
1.256
1.495
1.674
1.794
1.794
1.734
1.615
1.495
1.375
1.196
0.957
0.777
0.658
0.598
0.598
0.658
0.777
0.897
1.017
1.136
1.256
1.375
1.495
1.615
1.734
1.854
1.914
1.973
2.033
2.093
2.093
2.093
2.153
2.153
2.153
2.093
2.093
1.973
1.854
1.794
1.674
1.555
1.435
1.316
1.196
1.076
0.897
0.777
0.598
0.419
0.299
0.12
0
-0.179
-0.359
-0.478
-0.598
-0.718
-0.777
-0.837
-0.837
-0.837
-0.777
-0.658
-0.538
-0.478
-0.419
-0.478
-0.538
-0.658
-0.837
-0.957
-1.136
-1.196
-1.316
-1.375
-1.435
-1.495
-1.615
-1.674
-1.854
-1.973
-2.213
-2.392
-2.631
-2.87
-2.99
-3.05
-3.11
-3.05
-2.99
-2.93
-2.87
-2.751
-2.691
-2.512
-2.332
-2.153
-1.854
-1.555
-1.256
-0.897
-0.598
-0.299
0
0.12
0.478
0.658
0.897
1.076
1.316
1.555
1.794
2.033
2.153
2.272
2.272
2.272
2.153
2.033
1.854
1.674
1.435
1.316
1.136
0.957
0.777
0.658
0.478
0.419
0.419
0.419
0.538
0.598
0.658
0.718
0.777
0.897
0.957
1.017
1.076
1.076
1.076
1.017
0.957
0.897
0.837
0.718
0.598
0.478
0.359
0.239
0.12
0
-0.06
-0.239
-0.359
-0.538
-0.718
-0.897
-1.017
-1.136
-1.196
-1.196
-1.136
-1.076
-1.017
-1.017
-0.957
-0.957
-0.957
-0.897
-0.897
-0.837
-0.777
-0.718
-0.598
-0.538
-0.419
-0.299
-0.239
-0.12
-0.06
0
0
0.06
0.12
0.239
0.359
0.419
0.538
0.658
0.658
0.598
0.538
0.419
0.359
0.299
0.299
0.299
0.239
0.179
0.12
0
0
-0.06
-0.06
-0.12
-0.12
-0.06
0
0.06
0.12
0.12
0.12
0.06
0
-0.12
-0.239
-0.299
-0.419
-0.538
-0.658
-0.837
-0.957
-1.076
-1.196
-1.196
-1.136
-1.017
-0.897
-0.718
-0.538
-0.359
-0.179
0
0.179
0.419
0.658
0.837
0.957
0.957
0.957
0.897
0.777
0.598
0.359
0.12
-0.06
-0.299
-0.478
-0.598
-0.658
-0.658
-0.598
-0.478
-0.359
-0.179
-0.06
0
0.12
0.179
0.299
0.359
0.419
0.419
0.419
0.478
0.478
0.598
0.718
0.897
1.136
1.316
1.555
1.734
1.914
2.093
2.213
2.272
2.272
2.153
1.914
1.615
1.316
1.017
0.777
0.598
0.419
0.299
0.12
0
-0.12
-0.239
-0.299
-0.299
-0.299
-0.299
-0.299
-0.299
-0.299
-0.359
-0.419
-0.538
-0.658
-0.837
-0.957
-1.136
-1.256
-1.256
-1.256
-1.256
-1.136
-1.017
-0.897
-0.658
-0.478
-0.239
-0.06
0.06
0.12
0.239
0.239
0.239
0.179
0.12
0.06
0
0
0
0
0
0
0.12
0.239
0.359
0.478
0.598
0.658
0.718
0.718
0.658
0.538
0.419
0.239
0
-0.179
-0.478
-0.777
-1.017
-1.316
-1.495
-1.674
-1.854
-1.973
-2.093
-2.153
-2.153
-2.153
-2.093
-1.973
-1.854
-1.734
-1.555
-1.435
-1.256
-1.196
-1.136
-1.136
-1.136
-1.076
-0.957
-0.837
-0.718
-0.598
-0.478
-0.419
-0.359
-0.359
-0.359
-0.419
-0.478
-0.538
-0.658
-0.777
-0.897
-0.957
-1.017
-0.957
-0.837
-0.658
-0.419
-0.12
0.06
0.419
0.718
1.017
1.316
1.615
1.914
2.093
2.332
2.512
2.631
2.751
2.87
2.87
2.93
2.93
2.93
2.99
2.99
2.99
2.93
2.87
2.691
2.512
2.272
2.033
1.794
1.555
1.316
1.076
0.837
0.598
0.419
0.299
0.239
0.12
0.12
0.06
0.06
0
0
0
-0.06
-0.06
-0.06
-0.06
-0.06
-0.06
-0.06
-0.06
0
0
0
0
0
-0.06
-0.12
-0.12
-0.179
-0.179
-0.239
-0.239
-0.239
-0.359
-0.478
-0.718
-0.957
-1.136
-1.375
-1.495
-1.555
-1.615
-1.555
-1.555
-1.555
-1.495
-1.495
-1.495
-1.435
-1.375
-1.316
-1.316
-1.256
-1.196
-1.136
-1.076
-1.017
-0.897
-0.837
-0.658
-0.478
-0.299
-0.06
0.12
0.299
0.478
0.658
0.777
0.897
1.017
1.017
1.076
1.076
1.076
1.017
1.017
0.897
0.837
0.777
0.718
0.658
0.598
0.538
0.478
0.419
0.359
0.239
0.179
0.12
0.06
0
0
-0.06
-0.12
-0.12
-0.12
-0.12
-0.12
-0.06
-0.06
0
0
-0.06
-0.179
-0.299
-0.419
-0.478
-0.598
-0.658
-0.718
-0.658
-0.598
-0.538
-0.538
-0.478
-0.419
-0.419
-0.419
-0.359
-0.359
-0.299
-0.179
-0.12
0
0
0.06
0.06
0.06
0.06
0
0
0
-0.06
-0.179
-0.299
-0.419
-0.598
-0.837
-1.076
-1.256
-1.435
-1.555
-1.615
-1.674
-1.734
-1.734
-1.794
-1.854
-1.854
-1.854
-1.854
-1.794
-1.674
-1.555
-1.375
-1.136
-0.957
-0.718
-0.538
-0.359
-0.179
0
0.179
0.359
0.538
0.658
0.777
0.837
0.897
0.957
1.076
1.136
1.256
1.316
1.375
1.435
1.435
1.375
1.375
1.375
1.375
1.435
1.495
1.555
1.615
1.615
1.615
1.555
1.555
1.495
1.495
1.435
1.435
1.435
1.435
1.435
1.495
1.495
1.555
1.615
1.674
1.734
1.794
1.794
1.854
1.854
1.794
1.734
1.615
1.375
1.136
0.777
0.419
0.06
-0.179
-0.478
-0.777
-1.017
-1.256
-1.495
-1.674
-1.854
-1.973
-2.093
-2.093
-2.033
-1.973
-1.914
-1.854
-1.794
-1.794
-1.734
-1.674
-1.555
-1.375
-1.196
-1.017
-0.777
-0.598
-0.359
-0.12
0.12
0.299
0.538
0.718
0.837
0.957
1.076
1.136
1.196
1.256
1.196
1.196
1.076
0.957
0.897
0.777
0.718
0.598
0.478
0.299
0.12
0
-0.179
-0.359
-0.538
-0.658
-0.777
-0.897
-1.017
-1.136
-1.256
-1.375
-1.495
-1.555
-1.555
-1.495
-1.435
-1.375
-1.256
-1.196
-1.076
-0.957
-0.897
-0.837
-0.718
-0.658
-0.598
-0.538
-0.478
-0.359
-0.299
-0.179
-0.12
-0.06
0
0.06
0.12
0.179
0.239
0.239
0.299
0.299
0.299
0.299
0.299
0.359
0.419
0.478
0.538
0.538
0.419
0.359
0.239
0.12
0.06
0
0
0
-0.06
-0.179
-0.239
-0.239
-0.299
-0.299
-0.239
-0.179
-0.06
0
0.12
0.239
0.359
0.419
0.419
0.419
0.419
0.478
0.478
0.538
0.598
0.658
0.777
0.837
0.897
1.017
1.076
1.136
1.196
1.256
1.196
1.136
1.017
0.897
0.718
0.598
0.478
0.359
0.299
0.239
0.179
0.12
0.12
0.06
0.06
0.06
0.06
0.06
0
0
0
0
0
0
0
0
0
0
-0.12
-0.179
-0.299
-0.359
-0.359
-0.299
-0.239
-0.12
0
0
0
0
0
-0.06
-0.12
-0.239
-0.239
-0.299
-0.359
-0.359
-0.359
-0.359
-0.299
-0.239
-0.179
-0.12
-0.06
0
0.06
0.12
0.179
0.179
0.179
0.179
0.239
0.239
0.299
0.299
0.299
0.299
0.239
0.179
0.06
0
-0.06
-0.12
-0.179
-0.239
-0.299
-0.359
-0.478
-0.538
-0.658
-0.718
-0.777
-0.777
-0.718
-0.718
-0.658
-0.598
-0.538
-0.478
-0.419
-0.299
-0.12
0
0.12
0.239
0.359
0.478
0.598
0.718
0.777
0.837
0.897
0.897
0.897
0.897
0.837
0.718
0.658
0.538
0.419
0.299
0.179
0
-0.06
-0.179
-0.299
-0.478
-0.658
-0.837
-0.957
-1.136
-1.196
-1.196
-1.196
-1.196
-1.196
-1.196
-1.256
-1.256
-1.256
-1.196
-1.076
-1.017
-0.837
-0.837
-0.777
-0.777
-0.837
-0.837
-0.897
-0.897
-0.897
-0.837
-0.837
-0.777
-0.718
-0.598
-0.478
-0.359
-0.179
0
0.12
0.359
0.538
0.658
0.777
0.897
0.957
1.076
1.196
1.316
1.495
1.734
1.914
2.093
2.213
2.332
2.452
2.512
2.512
2.512
2.392
2.272
2.153
2.033
1.914
1.794
1.674
1.495
1.316
1.076
0.897
0.718
0.478
0.359
0.179
0
-0.12
-0.299
-0.419
-0.538
-0.598
-0.658
-0.718
-0.837
-0.897
-1.017
-1.076
-1.196
-1.256
-1.375
-1.435
-1.555
-1.615
-1.615
-1.615
-1.555
-1.435
-1.316
-1.136
-0.897
-0.718
-0.538
-0.419
-0.299
-0.299
-0.239
-0.239
-0.239
-0.179
-0.06
0
0.06
0.12
0.239
0.239
0.299
0.239
0.179
0.12
0.12
0.06
0
0
-0.06
-0.12
-0.179
-0.239
-0.299
-0.359
-0.359
-0.359
-0.359
-0.359
-0.359
-0.299
-0.299
-0.299
-0.239
-0.179
-0.179
-0.179
-0.179
-0.239
-0.239
-0.299
-0.299
-0.239
-0.239
-0.179
-0.12
-0.12
-0.06
-0.06
-0.12
-0.12
-0.239
-0.299
-0.419
-0.538
-0.598
-0.718
-0.777
-0.897
-0.957
-1.017
-1.076
-1.136
-1.136
-1.196
-1.196
-1.256
-1.256
-1.196
-1.136
-1.017
-0.897
-0.837
-0.658
-0.538
-0.359
-0.179
0
0.12
0.359
0.538
0.777
1.017
1.196
1.435
1.615
1.734
1.854
1.914
1.914
1.973
1.973
2.033
2.093
2.213
2.332
2.512
2.631
2.691
2.751
2.811
2.811
2.87
2.87
2.87
2.87
2.811
2.631
2.452
2.213
1.914
1.674
1.435
1.256
1.076
1.017
0.897
0.777
0.658
0.598
0.478
0.419
0.299
0.179
0.06
0
-0.12
-0.299
-0.419
-0.658
-0.837
-1.017
-1.136
-1.256
-1.256
-1.256
-1.256
-1.196
-1.136
-1.076
-1.076
-1.136
-1.196
-1.375
-1.555
-1.674
-1.794
-1.854
-1.794
-1.794
-1.674
-1.555
-1.435
-1.316
-1.196
-1.076
-0.957
-0.837
-0.777
-0.718
-0.658
-0.598
-0.598
-0.538
-0.538
-0.538
-0.598
-0.658
-0.718
-0.777
-0.837
-0.837
-0.837
-0.777
-0.777
-0.777
-0.777
-0.777
-0.777
-0.777
-0.777
-0.718
-0.658
-0.538
-0.478
-0.359
-0.239
-0.179
-0.12
0
0
0.06
0.06
0.06
0.06
0
0
0.06
0.12
0.179
0.239
0.299
0.299
0.359
0.478
0.598
0.718
0.837
0.897
0.897
0.837
0.718
0.658
0.538
0.478
0.359
0.299
0.179
0.12
0
-0.06
-0.179
-0.359
-0.478
-0.658
-0.837
-0.957
-1.076
-1.196
-1.256
-1.256
-1.316
-1.316
-1.316
-1.375
-1.435
-1.495
-1.435
-1.375
-1.316
-1.256
-1.136
-1.136
-1.076
-1.076
-1.017
-0.957
-0.897
-0.777
-0.658
-0.598
-0.478
-0.419
-0.299
-0.239
-0.12
-0.06
0
0.06
0.12
0.179
0.299
0.419
0.538
0.718
0.897
1.017
1.196
1.316
1.375
1.495
1.555
1.615
1.734
1.794
1.914
2.093
2.272
2.452
2.631
2.751
2.811
2.811
2.811
2.691
2.631
2.512
2.392
2.213
1.973
1.734
1.495
1.256
1.017
0.777
0.538
0.359
0.179
0.06
-0.06
-0.179
-0.299
-0.419
-0.598
-0.718
-0.897
-1.017
-1.136
-1.196
-1.196
-1.196
-1.196
-1.136
-1.076
-1.017
-0.897
-0.837
-0.718
-0.658
-0.538
-0.478
-0.419
-0.359
-0.299
-0.299
-0.239
-0.239
-0.239
-0.239
-0.299
-0.299
-0.359
-0.359
-0.299
-0.299
-0.239
-0.179
-0.12
-0.06
0
0.06
0.12
0.179
0.239
0.299
0.299
0.299
0.239
0.239
0.239
0.239
0.299
0.299
0.239
0.179
0.179
0.12
0.12
0.179
0.239
0.299
0.419
0.478
0.478
0.538
0.538
0.538
0.478
0.478
0.419
0.359
0.299
0.239
0.179
0.12
0.12
0.06
0
0
0
-0.06
-0.12
-0.179
-0.239
-0.239
-0.239
-0.239
-0.179
-0.12
-0.12
-0.06
0
0
0.06
0.06
0.06
0
0
-0.06
-0.06
-0.12
-0.179
-0.179
-0.239
-0.299
-0.359
-0.419
-0.478
-0.538
-0.598
-0.598
-0.598
-0.658
-0.658
-0.658
-0.718
-0.777
-0.777
-0.777
-0.777
-0.777
-0.718
-0.718
-0.718
-0.718
-0.718
-0.658
-0.658
-0.658
-0.658
-0.718
-0.777
-0.897
-0.957
-1.017
-1.017
-1.017
-1.017
-0.957
-0.897
-0.777
-0.718
-0.658
-0.538
-0.478
-0.419
-0.359
-0.299
-0.179
-0.12
-0.12
-0.06
-0.06
-0.06
-0.06
0
0
0.12
0.179
0.299
0.419
0.538
0.658
0.658
0.658
0.658
0.658
0.658
0.718
0.718
0.837
0.897
1.017
1.076
1.196
1.256
1.256
1.256
1.196
1.076
0.897
0.718
0.598
0.478
0.419
0.359
0.299
0.239
0.179
0.12
0.12
0.179
0.239
0.299
0.359
0.359
0.359
0.359
0.299
0.239
0.179
0.06
0
-0.06
-0.179
-0.299
-0.478
-0.658
-0.837
-1.017
-1.136
-1.196
-1.136
-1.136
-1.076
-1.017
-0.957
-0.957
-0.957
-1.017
-1.017
-1.017
-1.017
-1.017
-0.957
-0.897
-0.777
-0.658
-0.478
-0.359
-0.239
-0.12
-0.06
-0.06
0
0.06
0.12
0.179
0.299
0.359
0.478
0.598
0.658
0.658
0.718
0.718
0.718
0.718
0.777
0.837
0.897
1.017
1.076
1.136
1.196
1.256
1.256
1.375
1.435
1.555
1.674
1.794
1.854
1.914
1.914
1.854
1.794
1.674
1.555
1.435
1.316
1.136
1.017
0.897
0.777
0.598
0.478
0.359
0.179
0.06
0
-0.12
-0.179
-0.299
-0.359
-0.478
-0.598
-0.777
-0.957
-1.196
-1.375
-1.555
-1.734
-1.854
-1.914
-1.973
-2.033
-2.033
-1.973
-1.914
-1.914
-1.854
-1.794
-1.734
-1.734
-1.674
-1.615
-1.495
-1.375
-1.196
-1.076
-0.897
-0.777
-0.658
-0.538
-0.419
-0.299
-0.239
-0.12
-0.06
0
0.06
0.06
0.12
0.179
0.239
0.299
0.359
0.419
0.538
0.598
0.658
0.718
0.777
0.837
0.837
0.777
0.718
0.718
0.658
0.598
0.598
0.538
0.478
0.419
0.359
0.299
0.239
0.239
0.179
0.179
0.12
0.06
0.06
0.06
0.06
0.12
0.179
0.179
0.12
0.06
0
0
-0.06
-0.06
-0.06
0
0
0.06
0.12
0.12
0.12
0.12
0.12
0.12
0.12
0.179
0.239
0.239
0.299
0.359
0.478
0.538
0.658
0.777
0.837
0.897
0.897
0.957
1.017
1.076
1.196
1.256
1.316
1.375
1.435
1.435
1.435
1.435
1.375
1.316
1.196
1.076
0.957
0.837
0.777
0.658
0.598
0.478
0.359
0.179
0.06
0
-0.12
-0.179
-0.239
-0.299
-0.359
-0.598
-0.718
-0.837
-0.957
-1.076
-1.196
-1.316
-1.435
-1.555
-1.674
-1.854
-1.914
-1.973
-2.093
-2.153
-2.213
-2.272
-2.332
-2.272
-2.213
-2.153
-2.033
-1.914
-1.794
-1.734
-1.674
-1.555
-1.495
-1.375
-1.256
-1.196
-1.136
-1.076
-1.017
-0.897
-0.837
-0.777
-0.658
-0.538
-0.419
-0.299
-0.12
0
0.06
0.12
0.179
0.299
0.359
0.419
0.478
0.538
0.598
0.658
0.718
0.777
0.777
0.777
0.777
0.777
0.777
0.837
0.897
0.897
0.897
0.897
0.837
0.777
0.718
0.718
0.718
0.837
0.957
1.076
1.136
1.196
1.196
1.136
1.136
1.136
1.136
1.196
1.196
1.196
1.196
1.196
1.136
1.076
1.076
1.017
0.957
0.897
0.837
0.837
0.777
0.777
0.718
0.658
0.538
0.478
0.419
0.419
0.419
0.419
0.359
0.299
0.239
0.12
0
0
-0.06
-0.12
-0.06
-0.06
0
0
0
0
0
-0.06
-0.12
-0.179
-0.179
-0.239
-0.239
-0.299
-0.359
-0.419
-0.478
-0.478
-0.478
-0.538
-0.538
-0.598
-0.658
-0.658
-0.718
-0.718
-0.777
-0.777
-0.718
-0.658
-0.658
-0.598
-0.658
-0.658
-0.718
-0.718
-0.718
-0.718
-0.777
-0.837
-0.837
-0.897
-0.837
-0.777
-0.658
-0.538
-0.478
-0.359
-0.299
-0.299
-0.239
-0.239
-0.239
-0.299
-0.299
-0.299
-0.299
-0.239
-0.239
-0.179
-0.12
-0.06
0
0
0
0.06
0.12
0.12
0.179
0.239
0.239
0.179
0.12
0
0
0
0
0
0
0.06
0.12
0.239
0.359
0.419
0.538
0.598
0.658
0.658
0.658
0.598
0.538
0.538
0.478
0.478
0.478
0.538
0.538
0.538
0.598
0.538
0.538
0.538
0.478
0.478
0.478
0.478
0.419
0.419
0.478
0.478
0.478
0.538
0.538
0.478
0.419
0.359
0.299
0.179
0.06
0
-0.06
-0.179
-0.239
-0.299
-0.359
-0.359
-0.419
-0.419
-0.419
-0.359
-0.359
-0.359
-0.359
-0.359
-0.419
-0.419
-0.419
-0.478
-0.478
-0.478
-0.538
-0.538
-0.538
-0.478
-0.478
-0.419
-0.419
-0.419
-0.419
-0.419
-0.359
-0.359
-0.359
-0.359
-0.359
-0.359
-0.299
-0.299
-0.239
-0.239
-0.239
-0.299
-0.359
-0.478
-0.538
-0.598
-0.598
-0.598
-0.538
-0.478
-0.419
-0.359
-0.359
-0.299
-0.239
-0.239
-0.179
-0.179
-0.179
-0.12
-0.12
-0.06
-0.06
0
0
0.06
0.12
0.179
0.179
0.239
0.359
0.419
0.478
0.538
0.538
0.598
0.598
0.598
0.598
0.598
0.538
0.538
0.478
0.478
0.478
0.419
0.478
0.478
0.538
0.598
0.598
0.598
0.538
0.538
0.478
0.419
0.419
0.299
0.239
0.12
0.06
0
0
-0.06
-0.06
0
0
0
0
0
0
-0.06
-0.12
-0.179
-0.239
-0.299
-0.359
-0.419
-0.478
-0.538
-0.538
-0.538
-0.478
-0.419
-0.359
-0.299
-0.239
-0.179
-0.179
-0.12
-0.12
-0.12
-0.12
-0.12
-0.12
-0.12
-0.06
0
0
0.06
0.12
0.179
0.239
0.239
0.299
0.359
0.359
0.419
0.478
0.538
0.538
0.598
0.598
0.598
0.538
0.538
0.478
0.478
0.478
0.538
0.478
0.478
0.478
0.478
0.478
0.538
0.538
0.598
0.538
0.538
0.478
0.478
0.478
0.478
0.478
0.538
0.538
0.538
0.538
0.478
0.419
0.419
0.359
0.239
0.179
0.12
0.06
0.06
0.06
0
0
0
-0.06
-0.12
-0.179
-0.299
-0.359
-0.478
-0.538
-0.538
-0.538
-0.478
-0.478
-0.478
-0.478
-0.478
-0.478
-0.478
-0.538
-0.538
-0.598
-0.658
-0.658
-0.718
-0.718
-0.718
-0.777
-0.777
-0.837
-0.837
-0.837
-0.777
-0.777
-0.718
-0.658
-0.658
-0.658
-0.658
-0.598
-0.598
-0.538
-0.538
-0.478
-0.419
-0.359
-0.359
-0.299
-0.299
-0.299
-0.239
-0.179
-0.12
-0.12
-0.06
0
0
0.06
0.12
0.239
0.359
0.419
0.478
0.478
0.419
0.359
0.299
0.299
0.239
0.239
0.239
0.239
0.299
0.359
0.359
0.359
0.359
0.299
0.299
0.239
0.179
0.06
0
-0.06
-0.12
-0.179
-0.239
-0.239
-0.299
-0.299
-0.299
-0.299
-0.299
-0.359
-0.359
-0.359
-0.419
-0.478
-0.538
-0.598
-0.658
-0.658
-0.598
-0.538
-0.538
-0.478
-0.478
-0.478
-0.478
-0.478
