0.004003
0.008153
-0.001368
0.001561
-0.006251
0.001805
-0.003566
-0.000392
0.001073
0.001073
0.000341
0.004247
0.000585
0.002538
-0.004786
-0.000148
0.00205
-0.004298
-0.000636
9.6E-05
-0.002589
-0.005519
-0.001124
-0.002345
-0.003321
0.001317
0.001073
0.001073
-0.001857
-0.008448
-0.001857
0.005468
-0.006739
0.005223
-0.001124
-0.001124
0.00205
-0.00503
-0.002833
-0.000392
-0.003321
0.001073
0.005223
-0.002101
-0.000392
-0.004054
-0.002833
-0.003077
0.005223
0.003026
0.006932
0.001073
-0.00503
0.002538
-0.005763
0.00327
0.001805
0.002782
-0.002345
0.00205
0.00327
0.004735
-0.000148
0.005468
-0.001857
0.000829
0.001561
-0.002589
-0.007228
0.007421
0.001073
0.008153
-0.005275
0.001073
0.005956
-0.002101
0.001317
-0.002833
0.000829
0.001805
9.6E-05
-0.005763
0.001317
0.004247
0.001073
0.00205
0.000829
-0.002589
0.000341
0.003514
-0.000636
-0.002345
-0.003077
-0.003077
-0.002345
-0.002833
-0.00088
9.6E-05
0.007421
0.000829
9.6E-05
-0.004542
0.005468
9.6E-05
0.001561
0.001073
-0.002589
-0.002589
-0.002101
-0.005519
-0.002345
0.002538
-0.001857
0.000341
0.00327
-0.001368
-0.000636
-0.000636
0.001073
-0.003077
0.002538
0.003759
-0.003566
0.001561
0.002538
-0.00088
0.002294
0.002294
-0.004542
-0.006984
-0.001857
0.001073
0.001317
-0.004298
-0.004054
-0.002345
0.000829
-0.000148
-0.000636
9.6E-05
-0.000148
-0.002589
0.006444
-0.000392
0.00327
0.000585
-0.005275
0.00205
-0.003566
0.004491
-0.000636
0.004491
-0.001124
0.0062
9.6E-05
0.000829
-0.005763
-0.002589
9.6E-05
-0.004054
-0.000392
0.004735
-0.001612
-0.006739
0.008886
0.005956
-0.001124
0.001317
9.6E-05
0.002782
-0.001124
0.005956
-0.003321
-0.000636
-0.004298
-0.003566
-0.000392
-0.000636
0.000585
-0.000636
-0.001368
0.004247
-0.00088
-0.001857
0.001073
-0.001857
0.000341
-0.000392
-0.006251
0.001073
0.00913
-0.000636
0.003514
-0.004054
0.001805
0.009618
0.015966
0.014745
0.007665
-0.000148
0.008153
-0.004786
-0.009181
0.005956
0.000341
0.005468
0.012059
0.006932
0.000585
-0.00796
-0.000148
0.004003
-0.000148
0.011327
-0.000148
0.012059
0.000341
-0.002833
-0.000392
-0.004786
0.01035
0.000585
0.004491
-0.005763
0.004979
-0.00796
0.003759
0.018163
-0.00796
-0.004786
-0.006495
-0.009181
0.01328
0.005223
-0.006007
-0.02505
0.004735
-0.001612
0.01035
-0.003566
-0.008937
0.009374
0.007665
-0.000636
-0.013087
0.003759
0.012548
0.015233
-0.002345
-0.022853
0.016942
-0.010646
0.027196
-0.037745
0.032079
-0.006984
0.015721
-0.029933
0.005468
-0.008204
0.002782
-0.013331
0.005712
0.012304
0.001561
-0.00796
-0.008448
0.001805
-0.008937
-0.002589
-0.04214
0.032811
-0.020411
0.022557
-0.035548
-0.007716
0.046971
-0.069972
0.030614
-0.047511
-0.024562
0.036718
-0.058986
0.045262
-0.016749
-0.037013
0.055516
-0.078761
0.047216
-0.036769
0.035497
0.000829
-0.026759
0.047948
-0.038234
0.034032
-0.027247
-0.008204
0.030858
-0.054835
-0.03921
-0.017726
-0.059474
0.085302
-0.086573
0.147557
-0.021388
0.002538
0.023778
-0.000392
-0.063868
0.016454
-0.071681
0.031102
-0.099757
-0.027003
-0.027736
-0.039454
-0.037257
0.05869
-0.045314
-0.057032
-0.005763
-0.021632
0.019139
-0.0834
-0.00381
-0.078517
0.138036
-0.113917
-0.065577
-0.053859
-0.004542
0.003026
-0.053859
-0.107081
-0.066066
-0.072169
-0.02798
-0.028712
-0.082667
-0.052882
-0.043116
-0.042628
-0.016261
-0.009425
-0.027003
-0.068995
-0.048488
-0.040431
-0.052394
-0.04507
-0.013087
-0.042628
-0.004786
-0.029445
-0.041163
-0.079738
-0.060206
0.103856
0.021093
0.115331
0.038915
0.10703
0.164891
0.257665
0.150487
0.151708
0.14536
0.075292
-0.052638
-0.192042
-0.334864
-0.235499
0.018651
0.338231
0.457372
0.205419
0.006444
0.129491
0.035741
0.142675
0.128514
-0.01382
0.125341
0.132177
0.136083
0.119237
0.144872
0.129003
0.091161
0.141698
0.063329
0.057714
0.05161
0.042577
0.012304
-0.093898
-0.089259
-0.155177
-0.140773
-0.099025
-0.110499
-0.141749
-0.384425
-0.060939
-0.169825
0.00205
-0.018946
-0.041163
-0.01382
0.020848
0.454198
0.396581
0.228856
0.070409
-0.028468
-0.111232
-0.291652
-0.139796
-0.062892
-0.00381
-0.006984
0.153173
0.07871
0.112157
0.01328
-0.051661
-0.1542
-0.191066
-0.058986
0.021337
-0.021388
0.003759
-0.112696
0.005712
-0.036769
-0.008204
-0.177882
-0.238917
-0.234279
-0.248439
-0.205958
0.156835
0.11997
0.245458
0.251561
0.228124
0.059179
0.123143
0.123632
0.028905
-0.022853
0.024999
-0.288234
-0.117335
-0.039698
-0.043605
0.009862
-0.034083
0.367772
0.268163
0.279638
0.280126
0.218602
0.154149
0.18955
0.165624
0.047704
-0.068751
-0.033595
-0.008693
-0.075099
-0.027736
-0.133204
-0.133937
-0.133204
-0.014552
0.019872
0.07285
0.112401
0.015233
-0.018214
-0.020167
-0.001857
-0.057765
-0.063136
-0.035548
0.019384
0.106054
0.066503
-0.009425
-0.082667
-0.106593
-0.046779
0.050389
0.098241
0.11118
0.061864
0.016454
-0.032618
-0.230372
-0.005763
-0.102687
0.012059
0.007177
0.042333
0.009374
-0.053859
-0.094874
-0.033839
0.141698
0.024999
0.038915
-0.010402
-0.034571
-0.096583
-0.101954
-0.179835
-0.086818
-0.061915
-0.021144
-0.113917
-0.021388
-0.089259
-0.039943
-0.157862
-0.146144
-0.152736
-0.041896
0.080175
0.095067
0.043065
0.001805
-0.000148
0.022557
0.075536
0.07993
0.07285
0.000341
-0.026271
-0.034816
-0.01089
-0.0209
-0.044825
-0.016505
0.02744
-0.078029
-0.082423
-0.08755
-0.017482
0.008397
0.062596
-0.016017
-0.019191
-0.080958
0.096044
0.039403
0.033055
0.001805
-0.056056
-0.077296
0.01035
0.022557
-0.006495
-0.012111
0.014989
-0.012843
0.011571
-0.02212
-0.004542
-0.003566
-0.027003
0.000341
0.043065
0.014745
0.036229
0.054784
0.001805
0.052831
-0.011378
0.022069
-0.032618
-0.011378
-0.078517
-0.021632
-0.05215
-0.047999
0.03745
-0.017726
0.007909
0.024755
0.02622
-0.003566
0.057958
-0.139796
-0.050685
-0.045558
0.005223
0.012548
0.026708
-0.035548
0.011815
-0.026027
-0.055079
0.033788
0.035497
0.005712
-0.04629
-0.069972
-0.080226
-0.066798
-0.079005
-0.093165
-0.121241
-0.047023
-0.063868
0.012548
0.018407
0.014257
-0.023829
0.029149
0.004979
0.004003
0.060888
0.024511
0.032567
0.03745
0.052343
0.04868
0.076024
0.058446
0.071874
0.043065
0.066991
0.071386
0.048192
0.052098
0.088475
0.027929
0.022313
0.019628
0.050634
0.028905
0.0333
0.014989
0.009862
0.017919
0.00205
0.01743
0.044774
0.039403
0.053319
0.049901
0.027684
0.001317
0.041356
0.012059
0.014745
0.005956
-0.010646
0.015233
0.003759
0.012548
0.041356
-0.012111
0.03745
-0.004298
0.027929
0.014012
0.006932
-0.037745
-0.010157
0.018651
-0.000148
0.001317
0.021093
0.003514
0.006932
0.025975
0.027684
0.028905
-0.014064
-0.003321
-0.009425
0.005468
0.04038
-0.01089
0.005956
0.006932
-0.035548
-0.03921
-0.028468
-0.016993
-0.037501
-0.041896
-0.044581
0.022069
-0.031886
0.032079
-0.041163
0.044774
-0.019435
0.056981
0.005956
0.002538
-0.005519
-0.030665
0.026708
-0.036036
-0.023097
-0.054103
-0.034571
-0.043116
0.011327
-0.006007
-0.005519
0.03745
-0.043116
-0.004786
-0.025538
-0.017482
-0.015529
-0.008937
-0.007716
0.002538
-0.014796
-0.012355
-0.026271
-0.001368
0.007909
-0.005763
-0.006739
-0.005275
0.00205
0.008886
0.01035
-0.001124
-0.014308
-0.028712
-0.029689
-0.023829
0.000829
0.006688
-0.018702
-0.017726
-0.027003
-0.009669
0.011327
0.02036
0.025487
0.018163
0.003026
-0.016749
-0.00088
0.043309
0.024511
0.007909
-0.009425
0.015966
0.044042
0.014012
0.017675
-0.009913
0.00205
0.034764
0.012059
-0.002345
-0.037745
0.006932
-0.026759
-0.008937
-0.039454
-0.022853
-0.004054
0.017919
0.006688
-0.00503
0.003759
-0.024073
-0.006739
-0.024562
0.00205
-0.008937
-0.001368
0.008153
-0.01504
-0.16006
-0.028956
-0.019923
-0.033595
-0.012843
0.074559
0.05747
0.014012
0.013036
-0.009425
-0.025538
0.031102
0.038182
-0.003321
-0.004298
0.012059
0.01621
0.028661
0.003514
0.028417
-0.001124
0.006444
0.016942
0.011327
-0.001857
-0.001857
0.004491
0.012304
0.005223
-0.01089
0.000341
-0.004542
0.014012
-0.027491
-0.013331
-0.014552
0.016942
0.001317
0.003759
-0.016261
-0.022853
-0.031642
-0.017482
-0.008204
0.011083
-0.019923
-0.001124
-0.008204
-0.025538
-0.069484
-0.019435
-0.019679
-0.013331
0.069432
0.103612
0.055516
0.009862
0.020848
-0.010157
-0.074855
-0.022364
-0.01504
-0.038966
-0.043605
-0.010402
0.02329
0.045018
-0.014796
-0.052638
-0.007716
0.019384
0.029149
0.02036
-0.009425
0.034032
0.019384
0.002294
0.015233
0.013768
0.001805
0.014012
0.027929
0.016942
0.021825
0.014257
0.014745
0.031346
0.016942
0.01743
0.009618
0.018407
0.006688
0.008397
-0.011378
-0.001612
0.009374
0.017919
-0.007228
0.00205
0.007421
0.009862
0.025731
0.036962
0.024999
0.012059
0.012792
-0.016749
-0.023097
-0.031154
-0.016749
-0.012599
-0.007228
0.022069
0.018651
0.028905
0.008641
0.017675
0.02744
0.019139
0.014989
-0.011378
0.024022
0.003759
0.004735
0.002782
0.01035
-0.00796
0.012304
-0.007228
-0.028224
0.005712
0.014745
-0.013575
-0.002345
0.02036
0.002538
0.016698
-0.000148
0.009374
-0.00796
0.011327
-0.003321
0.004003
-0.02212
-0.007228
-0.000148
0.004247
-0.014552
-0.015773
-0.01382
0.009374
0.020116
-0.004054
0.019139
-0.018946
0.009618
0.012792
-0.019923
-0.019435
-0.019435
-0.002345
-0.027003
-0.016017
0.001073
-0.004542
0.008641
-0.026515
0.005712
0.009618
-0.012843
-0.008937
-0.031642
-0.008448
-0.001124
0.006932
0.003759
0.001561
0.004247
-0.009425
0.0062
-0.006251
0.01035
-0.008204
-0.0209
-0.014796
-0.029933
-0.018946
-0.00088
0.00327
0.005223
0.001317
-0.000392
-0.011378
-0.012111
-0.007228
0.015966
0.005468
0.004979
0.003759
0.008641
0.000829
9.6E-05
-0.004054
-0.006495
-0.000148
-0.004786
0.005223
0.005468
0.020848
0.00913
0.013768
-0.013087
-0.002589
0.000585
0.005712
0.007177
0.004003
-0.011622
0.005468
-0.011134
0.003759
0.006444
-0.001857
-0.005275
0.004735
-0.002833
0.006688
0.004979
-0.001368
-0.00381
-0.014308
-0.01797
-0.016505
-0.003566
0.000585
-0.002833
-0.011866
-0.007228
-0.00503
-0.011866
-0.00503
0.003759
-0.009181
0.008397
0.003026
0.011327
0.017919
0.014989
-0.055568
-0.055323
-0.018946
0.008397
0.004003
-0.001612
-0.017482
-0.038722
-0.062648
-0.003077
0.125829
0.067723
0.080907
-0.021388
-0.000636
0.026952
0.019139
-0.000636
-0.018458
-0.004298
0.004979
0.006444
-0.006984
-0.001857
0.018163
0.004247
0.011571
-0.002589
-0.000636
-0.002589
-0.001857
0.006688
0.0062
-0.003077
0.0062
-0.003077
0.001073
-0.012843
-0.020411
-0.00796
-0.012355
0.004003
0.015233
-0.001612
-0.01382
-0.010157
0.021581
0.026464
0.018407
-0.051173
-0.040919
0.000829
0.015233
0.008397
-0.022853
-0.013087
-0.023341
-0.040187
-0.025538
0.05747
0.014501
-0.010402
-0.041407
-0.037989
-0.004298
0.027196
-0.024562
-0.028224
0.004003
0.00913
0.013768
-0.001857
-0.020655
0.032567
0.020116
0.024511
0.008153
0.003026
0.016454
0.017675
0.023534
0.01035
0.009374
-0.000392
-0.001857
-0.006739
0.006932
-0.008204
0.013768
0.000829
0.005468
0.000341
0.000341
-0.001368
0.003514
0.008153
0.015721
0.011083
0.007909
0.009618
-0.001124
-0.004542
-0.003321
-0.005519
-0.008448
-0.003077
0.026464
0.005712
0.013036
-0.003321
-0.006495
-0.014308
-0.006984
-0.003077
-0.014796
-0.001368
-0.011134
-0.002345
0.009862
0.018407
0.002782
0.028661
0.00327
0.0062
-0.016261
0.002782
-0.020655
-0.002833
-0.009181
0.005712
-0.00503
0.004979
-0.00088
0.003759
0.004247
-0.002833
-0.014552
-0.004298
0.006688
-0.003321
0.008397
-0.005275
0.001317
0.011327
0.019384
0.015721
0.010106
-0.00381
-0.00381
-0.019923
-0.00088
0.012304
0.003514
-0.007716
-0.009181
-0.012599
-0.004542
0.01035
0.007177
-0.015529
-0.021876
0.001805
0.017186
-0.002589
-0.006495
-0.020655
-0.014552
0.003514
0.010595
-0.003566
-0.016261
-0.004298
-0.011622
-0.001612
-0.009913
-0.010402
-0.00088
-0.010402
-0.003566
-0.008693
-0.006495
0.0062
0.004491
0.00205
-0.011622
-0.01382
0.001073
-0.019923
-0.021144
-0.016993
-0.012111
0.001073
0.007421
0.002538
0.00327
-0.012843
-0.00796
-0.012843
-0.003566
0.009374
0.013768
0.003759
-0.006251
-0.023097
-0.027736
-0.033839
0.026464
0.05869
0.015477
-0.019435
-0.015773
-0.016261
-0.000636
0.004247
-0.004542
-0.016261
0.00205
0.011083
-0.004542
-0.009913
-0.01797
0.003514
-0.010402
0.019139
-0.020655
0.014989
0.004247
0.019384
0.0062
-0.000392
-0.006007
0.023534
0.004979
0.008641
0.013768
-0.010646
0.002782
-0.005763
0.010595
-0.000636
-0.001857
-0.010157
0.003759
0.000829
0.004491
-0.001857
0.011571
0.004247
-0.006984
-0.008693
-0.014552
-0.022609
-0.013087
0.022313
0.0062
0.037938
0.010106
0.007909
-0.002345
0.00327
0.010106
0.001317
0.013524
0.002538
0.001317
0.00327
0.00205
0.010106
0.003514
0.00327
0.000585
-0.001124
0.007421
0.001805
0.004735
-0.001612
0.005712
0.00327
0.004247
-0.002101
0.007421
0.00327
-0.002101
-0.008204
0.004491
-0.006495
-0.002345
0.003026
-0.001368
0.005956
-0.002345
0.004979
0.008153
-0.001368
0.004003
0.005956
-0.002589
-0.003077
-0.002833
-0.004786
-0.012355
-0.018946
0.004735
-0.00796
0.003514
-0.008693
0.001805
0.00205
0.011571
0.002538
0.004003
0.01035
0.010595
0.008397
0.003759
0.007909
0.015477
-0.001857
0.011571
0.018651
0.025487
0.0062
0.004491
-0.003321
-0.005519
0.014745
-0.002833
0.001805
-0.024806
0.000585
-0.00796
-0.00796
-0.011622
-0.01797
-0.001368
0.008886
-0.011622
-0.019679
-0.021144
-0.010157
0.011327
0.012304
-0.001857
-0.029445
-0.01504
-0.016017
-0.007228
-0.009181
-0.007228
-0.00503
-0.001857
0.019384
-0.003566
0.006444
-0.001857
0.006444
-0.004298
0.003026
-0.012355
-0.004054
0.001317
-0.004054
-0.006984
-0.02212
-0.008204
-0.012843
-0.006495
-0.001368
-0.006007
-0.000636
-0.000392
0.000829
-0.003321
-0.008693
-0.005275
-0.019679
-0.005763
0.004247
0.005468
-0.003321
-0.008937
-0.001612
0.002538
-0.000148
-0.002589
0.010595
-0.000148
0.012059
0.003026
-0.002345
-0.004542
0.01035
0.000585
-0.00088
-0.008204
-0.015529
-0.027736
-0.012111
-0.023097
-0.014796
-0.001612
0.026464
0.038915
-0.001124
0.000829
-0.002345
0.009374
0.021825
-0.001368
-0.006984
0.000829
0.007665
-0.002833
-0.001857
-0.005763
0.007665
0.004979
0.009374
-0.006007
0.000585
0.000341
0.001805
0.000341
-0.002589
-0.006007
-0.004542
-0.008204
0.000585
-0.001368
0.00205
-0.010157
0.00205
-0.006495
-0.001368
-0.00088
-0.000392
-0.004054
0.005712
-0.007472
-0.00381
-0.002833
-0.003321
0.00205
-0.003321
0.000829
-0.00503
-0.008448
-0.002101
-0.006495
-0.001124
-0.004542
-0.001857
0.001805
0.004491
0.001561
-0.00381
0.002538
0.004491
-0.000636
0.008641
0.003759
0.001317
0.005223
0.007177
-0.002101
0.005468
0.001561
0.001073
0.00327
-0.004542
-0.001124
-0.003566
0.001073
-0.001857
-0.004542
0.007177
0.001317
0.002538
0.002538
0.005468
0.003759
0.004979
0.000829
0.006444
-0.002345
-0.008937
-0.002833
-0.003566
0.001317
0.00205
0.000829
-0.008693
0.00327
-0.001612
0.004979
-0.001368
0.003026
0.000585
-0.000636
0.00205
-0.005519
0.004003
0.003026
-0.001857
-0.006984
-0.004298
0.003759
-0.005275
0.000829
0.01328
0.006688
0.003759
0.001561
0.010106
0.003026
0.00913
0.001561
0.004735
0.003514
0.001561
0.006444
-0.000392
-0.000148
0.002538
0.000341
-0.001368
9.6E-05
0.001805
0.008641
-0.003321
0.003759
0.00205
0.0062
0.003759
0.010839
0.017919
0.013036
0.006444
0.010106
0.002294
-0.000148
-0.000148
-0.004542
-0.008204
-0.01382
0.014501
-0.01504
0.010839
-0.027003
-0.01382
-0.026759
-0.004054
-0.001857
0.004979
-0.009181
-0.004298
-0.001612
-0.004054
-0.005763
-0.007716
0.001317
-0.011378
-0.011134
-0.025538
-0.013087
-0.009425
-0.000148
0.007421
0.011327
0.014012
0.004491
0.010106
0.017186
0.027196
0.035741
0.005468
-0.005275
-0.000392
-0.000148
0.004491
0.011327
0.00205
-0.002345
0.005223
0.00205
-0.001124
0.001073
0.004735
0.006444
0.002294
-0.007472
-0.01089
-0.008204
-0.005275
0.005712
0.003026
0.002782
-0.009913
-0.004542
-0.001368
-0.002345
-0.008937
-0.005275
-0.003566
0.000341
-0.002101
-0.007228
-0.006007
-0.005275
0.005223
0.00913
0.012059
0.01743
0.006444
-0.006251
-0.001368
-0.001124
0.002782
0.000585
-0.006007
0.000585
0.001073
0.007177
-0.001368
-0.004786
-0.000148
-0.000148
0.001805
0.004247
-0.003077
0.002294
-0.006251
0.001073
-0.001368
0.002782
-0.001857
-0.002589
0.000341
-0.002589
-0.001124
-0.003077
-0.000636
-0.002833
0.000829
-0.001124
0.00205
9.6E-05
0.002782
0.001073
-0.00503
-0.00088
-0.000148
-0.00503
-0.001368
0.004735
0.002782
0.001805
0.01035
9.6E-05
-0.000636
-0.002345
0.001073
0.000341
-0.004054
-0.00381
-0.000148
-0.000392
0.005223
-0.000392
-0.000392
0.000585
-0.008448
0.000829
0.001317
0.000829
-0.001368
-0.000392
0.001317
-0.002833
-0.001124
-0.001124
-0.00088
-0.000392
-0.003077
0.002294
0.002294
0.000829
-0.000148
0.001805
-0.001124
-0.004298
-0.00088
0.00205
-0.006007
-0.008937
-0.002345
0.001073
-0.001124
-0.003077
0.002538
0.003759
0.000341
-0.004054
0.004247
0.003026
0.005712
-0.002345
-0.000148
-0.005275
-0.001857
0.002782
-0.001124
-0.004786
0.002538
-0.001124
-0.001612
-0.001857
-0.005763
-0.004542
0.001317
0.003026
-0.001124
-0.002589
-0.006251
9.6E-05
-0.001124
-0.00796
0.003514
0.002294
0.002294
-0.002833
0.001073
-0.001368
-0.000392
-0.005519
0.000585
0.000585
0.005223
-0.001612
-0.003077
-0.003321
-0.000148
0.001805
-0.002345
-0.000636
0.001561
0.00327
-0.002345
0.00205
-0.004054
-0.003566
0.005468
-0.003077
0.005956
0.000829
-0.002589
-0.001857
0.008397
0.000829
0.000585
0.008641
0.002538
0.001073
0.005956
-0.000392
0.003759
9.6E-05
-0.003077
0.001805
0.00205
0.000585
0.002538
-0.006739
9.6E-05
0.004491
0.000829
0.001073
0.000585
0.001317
-0.004786
0.000585
-0.006739
-0.000636
9.6E-05
0.00327
0.00205
-0.000148
-0.001124
-0.002833
-0.001857
0.002294
0.001805
0.003026
-0.000148
0.001073
0.000585
-0.004054
-0.001857
0.000341
-0.002101
0.004979
-0.006984
-0.001368
-0.000392
-0.001857
0.004247
0.006932
0.004247
0.001073
-0.000636
0.00205
0.004979
-0.002589
0.000585
0.001805
0.004003
0.000829
0.008153
-0.002345
-0.000636
0.000829
9.6E-05
0.002782
-0.003321
-0.003566
0.000341
0.000341
0.002538
-0.002589
-0.006251
0.003759
-0.000148
-0.003566
-0.001857
-0.000148
-0.001612
-0.003321
0.003759
-0.001612
9.6E-05
-0.004298
-0.003321
0.004979
-0.000148
0.005223
-0.002833
-0.001612
-0.003566
0.001317
-0.001857
0.001805
-0.00088
-0.000148
0.004735
0.004003
0.005468
-0.002833
-0.002833
0.001805
-0.002345
-0.001368
-0.001368
-0.002345
0.001073
-0.000392
0.004003
-0.002345
0.006688
-0.001857
0.002782
-0.000392
0.001073
-0.001612
-0.000636
-0.002345
0.000829
-0.001612
-0.002345
-0.002101
0.000585
0.000341
-0.002101
0.004735
-0.000636
-0.002345
0.001073
-0.003566
-0.007716
0.001317
-0.001857
0.001073
-0.001857
-0.006495
-0.000636
-0.001124
-0.002101
0.002782
-0.002345
0.000585
0.00205
0.00327
0.001317
0.003026
0.004735
0.000829
-0.000636
0.000341
0.000341
0.000585
-0.001857
0.002782
0.002294
-0.002101
0.001073
0.003759
0.002538
-0.000148
0.003759
0.001317
0.004491
-0.000636
-0.004542
-0.000148
0.000585
-0.003077
0.000585
0.002294
-0.006007
0.00205
-0.001368
0.000829
-0.003566
-0.00088
-0.006495
0.001561
-0.002589
0.00913
-0.006007
-0.00088
-0.006007
-0.002833
0.001073
-0.00088
-0.000636
-0.004054
-0.004542
-0.000636
-0.003321
-0.002833
-0.004298
0.001317
0.000341
0.003514
-0.004298
-0.005519
-0.001368
-0.007472
9.6E-05
0.003026
0.004003
0.005956
-0.000636
0.001561
-0.000148
0.004979
