0.060303
0.064453
0.054932
0.057861
0.050049
0.058105
0.052734
0.055908
0.057373
0.057373
0.056641
0.060547
0.056885
0.058838
0.051514
0.056152
0.05835
0.052002
0.055664
0.056396
0.053711
0.050781
0.055176
0.053955
0.052979
0.057617
0.057373
0.057373
0.054443
0.047852
0.054443
0.061768
0.049561
0.061523
0.055176
0.055176
0.05835
0.05127
0.053467
0.055908
0.052979
0.057373
0.061523
0.054199
0.055908
0.052246
0.053467
0.053223
0.061523
0.059326
0.063232
0.057373
0.05127
0.058838
0.050537
0.05957
0.058105
0.059082
0.053955
0.05835
0.05957
0.061035
0.056152
0.061768
0.054443
0.057129
0.057861
0.053711
0.049072
0.063721
0.057373
0.064453
0.051025
0.057373
0.062256
0.054199
0.057617
0.053467
0.057129
0.058105
0.056396
0.050537
0.057617
0.060547
0.057373
0.05835
0.057129
0.053711
0.056641
0.059814
0.055664
0.053955
0.053223
0.053223
0.053955
0.053467
0.05542
0.056396
0.063721
0.057129
0.056396
0.051758
0.061768
0.056396
0.057861
0.057373
0.053711
0.053711
0.054199
0.050781
0.053955
0.058838
0.054443
0.056641
0.05957
0.054932
0.055664
0.055664
0.057373
0.053223
0.058838
0.060059
0.052734
0.057861
0.058838
0.05542
0.058594
0.058594
0.051758
0.049316
0.054443
0.057373
0.057617
0.052002
0.052246
0.053955
0.057129
0.056152
0.055664
0.056396
0.056152
0.053711
0.062744
0.055908
0.05957
0.056885
0.051025
0.05835
0.052734
0.060791
0.055664
0.060791
0.055176
0.0625
0.056396
0.057129
0.050537
0.053711
0.056396
0.052246
0.055908
0.061035
0.054688
0.049561
0.065186
0.062256
0.055176
0.057617
0.056396
0.059082
0.055176
0.062256
0.052979
0.055664
0.052002
0.052734
0.055908
0.055664
0.056885
0.055664
0.054932
0.060547
0.05542
0.054443
0.057373
0.054443
0.056641
0.055908
0.050049
0.057373
0.06543
0.055664
0.059814
0.052246
0.058105
0.065918
0.072266
0.071045
0.063965
0.056152
0.064453
0.051514
0.047119
0.062256
0.056641
0.061768
0.068359
0.063232
0.056885
0.04834
0.056152
0.060303
0.056152
0.067627
0.056152
0.068359
0.056641
0.053467
0.055908
0.051514
0.06665
0.056885
0.060791
0.050537
0.061279
0.04834
0.060059
0.074463
0.04834
0.051514
0.049805
0.047119
0.06958
0.061523
0.050293
0.03125
0.061035
0.054688
0.06665
0.052734
0.047363
0.065674
0.063965
0.055664
0.043213
0.060059
0.068848
0.071533
0.053955
0.033447
0.073242
0.045654
0.083496
0.018555
0.088379
0.049316
0.072021
0.026367
0.061768
0.048096
0.059082
0.042969
0.062012
0.068604
0.057861
0.04834
0.047852
0.058105
0.047363
0.053711
0.01416
0.089111
0.035889
0.078857
0.020752
0.048584
0.103271
-0.013672
0.086914
0.008789
0.031738
0.093018
-0.002686
0.101562
0.039551
0.019287
0.111816
-0.022461
0.103516
0.019531
0.091797
0.057129
0.029541
0.104248
0.018066
0.090332
0.029053
0.048096
0.087158
0.001465
0.01709
0.038574
-0.003174
0.141602
-0.030273
0.203857
0.034912
0.058838
0.080078
0.055908
-0.007568
0.072754
-0.015381
0.087402
-0.043457
0.029297
0.028564
0.016846
0.019043
0.11499
0.010986
-0.000732
0.050537
0.034668
0.075439
-0.0271
0.05249
-0.022217
0.194336
-0.057617
-0.009277
0.002441
0.051758
0.059326
0.002441
-0.050781
-0.009766
-0.015869
0.02832
0.027588
-0.026367
0.003418
0.013184
0.013672
0.040039
0.046875
0.029297
-0.012695
0.007812
0.015869
0.003906
0.01123
0.043213
0.013672
0.051514
0.026855
0.015137
-0.023438
-0.003906
0.160156
0.077393
0.171631
0.095215
0.16333
0.221191
0.313965
0.206787
0.208008
0.20166
0.131592
0.003662
-0.135742
-0.278564
-0.179199
0.074951
0.394531
0.513672
0.261719
0.062744
0.185791
0.092041
0.198975
0.184814
0.04248
0.181641
0.188477
0.192383
0.175537
0.201172
0.185303
0.147461
0.197998
0.119629
0.114014
0.10791
0.098877
0.068604
-0.037598
-0.032959
-0.098877
-0.084473
-0.042725
-0.054199
-0.085449
-0.328125
-0.004639
-0.113525
0.05835
0.037354
0.015137
0.04248
0.077148
0.510498
0.452881
0.285156
0.126709
0.027832
-0.054932
-0.235352
-0.083496
-0.006592
0.05249
0.049316
0.209473
0.13501
0.168457
0.06958
0.004639
-0.0979
-0.134766
-0.002686
0.077637
0.034912
0.060059
-0.056396
0.062012
0.019531
0.048096
-0.121582
-0.182617
-0.177979
-0.192139
-0.149658
0.213135
0.17627
0.301758
0.307861
0.284424
0.115479
0.179443
0.179932
0.085205
0.033447
0.081299
-0.231934
-0.061035
0.016602
0.012695
0.066162
0.022217
0.424072
0.324463
0.335938
0.336426
0.274902
0.210449
0.24585
0.221924
0.104004
-0.012451
0.022705
0.047607
-0.018799
0.028564
-0.076904
-0.077637
-0.076904
0.041748
0.076172
0.12915
0.168701
0.071533
0.038086
0.036133
0.054443
-0.001465
-0.006836
0.020752
0.075684
0.162354
0.122803
0.046875
-0.026367
-0.050293
0.009521
0.106689
0.154541
0.16748
0.118164
0.072754
0.023682
-0.174072
0.050537
-0.046387
0.068359
0.063477
0.098633
0.065674
0.002441
-0.038574
0.022461
0.197998
0.081299
0.095215
0.045898
0.021729
-0.040283
-0.045654
-0.123535
-0.030518
-0.005615
0.035156
-0.057617
0.034912
-0.032959
0.016357
-0.101562
-0.089844
-0.096436
0.014404
0.136475
0.151367
0.099365
0.058105
0.056152
0.078857
0.131836
0.13623
0.12915
0.056641
0.030029
0.021484
0.04541
0.0354
0.011475
0.039795
0.08374
-0.021729
-0.026123
-0.03125
0.038818
0.064697
0.118896
0.040283
0.037109
-0.024658
0.152344
0.095703
0.089355
0.058105
0.000244
-0.020996
0.06665
0.078857
0.049805
0.044189
0.071289
0.043457
0.067871
0.03418
0.051758
0.052734
0.029297
0.056641
0.099365
0.071045
0.092529
0.111084
0.058105
0.109131
0.044922
0.078369
0.023682
0.044922
-0.022217
0.034668
0.00415
0.008301
0.09375
0.038574
0.064209
0.081055
0.08252
0.052734
0.114258
-0.083496
0.005615
0.010742
0.061523
0.068848
0.083008
0.020752
0.068115
0.030273
0.001221
0.090088
0.091797
0.062012
0.01001
-0.013672
-0.023926
-0.010498
-0.022705
-0.036865
-0.064941
0.009277
-0.007568
0.068848
0.074707
0.070557
0.032471
0.085449
0.061279
0.060303
0.117188
0.080811
0.088867
0.09375
0.108643
0.10498
0.132324
0.114746
0.128174
0.099365
0.123291
0.127686
0.104492
0.108398
0.144775
0.084229
0.078613
0.075928
0.106934
0.085205
0.0896
0.071289
0.066162
0.074219
0.05835
0.07373
0.101074
0.095703
0.109619
0.106201
0.083984
0.057617
0.097656
0.068359
0.071045
0.062256
0.045654
0.071533
0.060059
0.068848
0.097656
0.044189
0.09375
0.052002
0.084229
0.070312
0.063232
0.018555
0.046143
0.074951
0.056152
0.057617
0.077393
0.059814
0.063232
0.082275
0.083984
0.085205
0.042236
0.052979
0.046875
0.061768
0.09668
0.04541
0.062256
0.063232
0.020752
0.01709
0.027832
0.039307
0.018799
0.014404
0.011719
0.078369
0.024414
0.088379
0.015137
0.101074
0.036865
0.113281
0.062256
0.058838
0.050781
0.025635
0.083008
0.020264
0.033203
0.002197
0.021729
0.013184
0.067627
0.050293
0.050781
0.09375
0.013184
0.051514
0.030762
0.038818
0.040771
0.047363
0.048584
0.058838
0.041504
0.043945
0.030029
0.054932
0.064209
0.050537
0.049561
0.051025
0.05835
0.065186
0.06665
0.055176
0.041992
0.027588
0.026611
0.032471
0.057129
0.062988
0.037598
0.038574
0.029297
0.046631
0.067627
0.07666
0.081787
0.074463
0.059326
0.039551
0.05542
0.099609
0.080811
0.064209
0.046875
0.072266
0.100342
0.070312
0.073975
0.046387
0.05835
0.091064
0.068359
0.053955
0.018555
0.063232
0.029541
0.047363
0.016846
0.033447
0.052246
0.074219
0.062988
0.05127
0.060059
0.032227
0.049561
0.031738
0.05835
0.047363
0.054932
0.064453
0.04126
-0.10376
0.027344
0.036377
0.022705
0.043457
0.130859
0.11377
0.070312
0.069336
0.046875
0.030762
0.087402
0.094482
0.052979
0.052002
0.068359
0.07251
0.084961
0.059814
0.084717
0.055176
0.062744
0.073242
0.067627
0.054443
0.054443
0.060791
0.068604
0.061523
0.04541
0.056641
0.051758
0.070312
0.028809
0.042969
0.041748
0.073242
0.057617
0.060059
0.040039
0.033447
0.024658
0.038818
0.048096
0.067383
0.036377
0.055176
0.048096
0.030762
-0.013184
0.036865
0.036621
0.042969
0.125732
0.159912
0.111816
0.066162
0.077148
0.046143
-0.018555
0.033936
0.04126
0.017334
0.012695
0.045898
0.07959
0.101318
0.041504
0.003662
0.048584
0.075684
0.085449
0.07666
0.046875
0.090332
0.075684
0.058594
0.071533
0.070068
0.058105
0.070312
0.084229
0.073242
0.078125
0.070557
0.071045
0.087646
0.073242
0.07373
0.065918
0.074707
0.062988
0.064697
0.044922
0.054688
0.065674
0.074219
0.049072
0.05835
0.063721
0.066162
0.082031
0.093262
0.081299
0.068359
0.069092
0.039551
0.033203
0.025146
0.039551
0.043701
0.049072
0.078369
0.074951
0.085205
0.064941
0.073975
0.08374
0.075439
0.071289
0.044922
0.080322
0.060059
0.061035
0.059082
0.06665
0.04834
0.068604
0.049072
0.028076
0.062012
0.071045
0.042725
0.053955
0.07666
0.058838
0.072998
0.056152
0.065674
0.04834
0.067627
0.052979
0.060303
0.03418
0.049072
0.056152
0.060547
0.041748
0.040527
0.04248
0.065674
0.076416
0.052246
0.075439
0.037354
0.065918
0.069092
0.036377
0.036865
0.036865
0.053955
0.029297
0.040283
0.057373
0.051758
0.064941
0.029785
0.062012
0.065918
0.043457
0.047363
0.024658
0.047852
0.055176
0.063232
0.060059
0.057861
0.060547
0.046875
0.0625
0.050049
0.06665
0.048096
0.0354
0.041504
0.026367
0.037354
0.05542
0.05957
0.061523
0.057617
0.055908
0.044922
0.044189
0.049072
0.072266
0.061768
0.061279
0.060059
0.064941
0.057129
0.056396
0.052246
0.049805
0.056152
0.051514
0.061523
0.061768
0.077148
0.06543
0.070068
0.043213
0.053711
0.056885
0.062012
0.063477
0.060303
0.044678
0.061768
0.045166
0.060059
0.062744
0.054443
0.051025
0.061035
0.053467
0.062988
0.061279
0.054932
0.05249
0.041992
0.03833
0.039795
0.052734
0.056885
0.053467
0.044434
0.049072
0.05127
0.044434
0.05127
0.060059
0.047119
0.064697
0.059326
0.067627
0.074219
0.071289
0.000732
0.000977
0.037354
0.064697
0.060303
0.054688
0.038818
0.017578
-0.006348
0.053223
0.182129
0.124023
0.137207
0.034912
0.055664
0.083252
0.075439
0.055664
0.037842
0.052002
0.061279
0.062744
0.049316
0.054443
0.074463
0.060547
0.067871
0.053711
0.055664
0.053711
0.054443
0.062988
0.0625
0.053223
0.0625
0.053223
0.057373
0.043457
0.035889
0.04834
0.043945
0.060303
0.071533
0.054688
0.04248
0.046143
0.077881
0.082764
0.074707
0.005127
0.015381
0.057129
0.071533
0.064697
0.033447
0.043213
0.032959
0.016113
0.030762
0.11377
0.070801
0.045898
0.014893
0.018311
0.052002
0.083496
0.031738
0.028076
0.060303
0.06543
0.070068
0.054443
0.035645
0.088867
0.076416
0.080811
0.064453
0.059326
0.072754
0.073975
0.079834
0.06665
0.065674
0.055908
0.054443
0.049561
0.063232
0.048096
0.070068
0.057129
0.061768
0.056641
0.056641
0.054932
0.059814
0.064453
0.072021
0.067383
0.064209
0.065918
0.055176
0.051758
0.052979
0.050781
0.047852
0.053223
0.082764
0.062012
0.069336
0.052979
0.049805
0.041992
0.049316
0.053223
0.041504
0.054932
0.045166
0.053955
0.066162
0.074707
0.059082
0.084961
0.05957
0.0625
0.040039
0.059082
0.035645
0.053467
0.047119
0.062012
0.05127
0.061279
0.05542
0.060059
0.060547
0.053467
0.041748
0.052002
0.062988
0.052979
0.064697
0.051025
0.057617
0.067627
0.075684
0.072021
0.066406
0.05249
0.05249
0.036377
0.05542
0.068604
0.059814
0.048584
0.047119
0.043701
0.051758
0.06665
0.063477
0.040771
0.034424
0.058105
0.073486
0.053711
0.049805
0.035645
0.041748
0.059814
0.066895
0.052734
0.040039
0.052002
0.044678
0.054688
0.046387
0.045898
0.05542
0.045898
0.052734
0.047607
0.049805
0.0625
0.060791
0.05835
0.044678
0.04248
0.057373
0.036377
0.035156
0.039307
0.044189
0.057373
0.063721
0.058838
0.05957
0.043457
0.04834
0.043457
0.052734
0.065674
0.070068
0.060059
0.050049
0.033203
0.028564
0.022461
0.082764
0.11499
0.071777
0.036865
0.040527
0.040039
0.055664
0.060547
0.051758
0.040039
0.05835
0.067383
0.051758
0.046387
0.03833
0.059814
0.045898
0.075439
0.035645
0.071289
0.060547
0.075684
0.0625
0.055908
0.050293
0.079834
0.061279
0.064941
0.070068
0.045654
0.059082
0.050537
0.066895
0.055664
0.054443
0.046143
0.060059
0.057129
0.060791
0.054443
0.067871
0.060547
0.049316
0.047607
0.041748
0.033691
0.043213
0.078613
0.0625
0.094238
0.066406
0.064209
0.053955
0.05957
0.066406
0.057617
0.069824
0.058838
0.057617
0.05957
0.05835
0.066406
0.059814
0.05957
0.056885
0.055176
0.063721
0.058105
0.061035
0.054688
0.062012
0.05957
0.060547
0.054199
0.063721
0.05957
0.054199
0.048096
0.060791
0.049805
0.053955
0.059326
0.054932
0.062256
0.053955
0.061279
0.064453
0.054932
0.060303
0.062256
0.053711
0.053223
0.053467
0.051514
0.043945
0.037354
0.061035
0.04834
0.059814
0.047607
0.058105
0.05835
0.067871
0.058838
0.060303
0.06665
0.066895
0.064697
0.060059
0.064209
0.071777
0.054443
0.067871
0.074951
0.081787
0.0625
0.060791
0.052979
0.050781
0.071045
0.053467
0.058105
0.031494
0.056885
0.04834
0.04834
0.044678
0.03833
0.054932
0.065186
0.044678
0.036621
0.035156
0.046143
0.067627
0.068604
0.054443
0.026855
0.04126
0.040283
0.049072
0.047119
0.049072
0.05127
0.054443
0.075684
0.052734
0.062744
0.054443
0.062744
0.052002
0.059326
0.043945
0.052246
0.057617
0.052246
0.049316
0.03418
0.048096
0.043457
0.049805
0.054932
0.050293
0.055664
0.055908
0.057129
0.052979
0.047607
0.051025
0.036621
0.050537
0.060547
0.061768
0.052979
0.047363
0.054688
0.058838
0.056152
0.053711
0.066895
0.056152
0.068359
0.059326
0.053955
0.051758
0.06665
0.056885
0.05542
0.048096
0.040771
0.028564
0.044189
0.033203
0.041504
0.054688
0.082764
0.095215
0.055176
0.057129
0.053955
0.065674
0.078125
0.054932
0.049316
0.057129
0.063965
0.053467
0.054443
0.050537
0.063965
0.061279
0.065674
0.050293
0.056885
0.056641
0.058105
0.056641
0.053711
0.050293
0.051758
0.048096
0.056885
0.054932
0.05835
0.046143
0.05835
0.049805
0.054932
0.05542
0.055908
0.052246
0.062012
0.048828
0.05249
0.053467
0.052979
0.05835
0.052979
0.057129
0.05127
0.047852
0.054199
0.049805
0.055176
0.051758
0.054443
0.058105
0.060791
0.057861
0.05249
0.058838
0.060791
0.055664
0.064941
0.060059
0.057617
0.061523
0.063477
0.054199
0.061768
0.057861
0.057373
0.05957
0.051758
0.055176
0.052734
0.057373
0.054443
0.051758
0.063477
0.057617
0.058838
0.058838
0.061768
0.060059
0.061279
0.057129
0.062744
0.053955
0.047363
0.053467
0.052734
0.057617
0.05835
0.057129
0.047607
0.05957
0.054688
0.061279
0.054932
0.059326
0.056885
0.055664
0.05835
0.050781
0.060303
0.059326
0.054443
0.049316
0.052002
0.060059
0.051025
0.057129
0.06958
0.062988
0.060059
0.057861
0.066406
0.059326
0.06543
0.057861
0.061035
0.059814
0.057861
0.062744
0.055908
0.056152
0.058838
0.056641
0.054932
0.056396
0.058105
0.064941
0.052979
0.060059
0.05835
0.0625
0.060059
0.067139
0.074219
0.069336
0.062744
0.066406
0.058594
0.056152
0.056152
0.051758
0.048096
0.04248
0.070801
0.04126
0.067139
0.029297
0.04248
0.029541
0.052246
0.054443
0.061279
0.047119
0.052002
0.054688
0.052246
0.050537
0.048584
0.057617
0.044922
0.045166
0.030762
0.043213
0.046875
0.056152
0.063721
0.067627
0.070312
0.060791
0.066406
0.073486
0.083496
0.092041
0.061768
0.051025
0.055908
0.056152
0.060791
0.067627
0.05835
0.053955
0.061523
0.05835
0.055176
0.057373
0.061035
0.062744
0.058594
0.048828
0.04541
0.048096
0.051025
0.062012
0.059326
0.059082
0.046387
0.051758
0.054932
0.053955
0.047363
0.051025
0.052734
0.056641
0.054199
0.049072
0.050293
0.051025
0.061523
0.06543
0.068359
0.07373
0.062744
0.050049
0.054932
0.055176
0.059082
0.056885
0.050293
0.056885
0.057373
0.063477
0.054932
0.051514
0.056152
0.056152
0.058105
0.060547
0.053223
0.058594
0.050049
0.057373
0.054932
0.059082
0.054443
0.053711
0.056641
0.053711
0.055176
0.053223
0.055664
0.053467
0.057129
0.055176
0.05835
0.056396
0.059082
0.057373
0.05127
0.05542
0.056152
0.05127
0.054932
0.061035
0.059082
0.058105
0.06665
0.056396
0.055664
0.053955
0.057373
0.056641
0.052246
0.05249
0.056152
0.055908
0.061523
0.055908
0.055908
0.056885
0.047852
0.057129
0.057617
0.057129
0.054932
0.055908
0.057617
0.053467
0.055176
0.055176
0.05542
0.055908
0.053223
0.058594
0.058594
0.057129
0.056152
0.058105
0.055176
0.052002
0.05542
0.05835
0.050293
0.047363
0.053955
0.057373
0.055176
0.053223
0.058838
0.060059
0.056641
0.052246
0.060547
0.059326
0.062012
0.053955
0.056152
0.051025
0.054443
0.059082
0.055176
0.051514
0.058838
0.055176
0.054688
0.054443
0.050537
0.051758
0.057617
0.059326
0.055176
0.053711
0.050049
0.056396
0.055176
0.04834
0.059814
0.058594
0.058594
0.053467
0.057373
0.054932
0.055908
0.050781
0.056885
0.056885
0.061523
0.054688
0.053223
0.052979
0.056152
0.058105
0.053955
0.055664
0.057861
0.05957
0.053955
0.05835
0.052246
0.052734
0.061768
0.053223
0.062256
0.057129
0.053711
0.054443
0.064697
0.057129
0.056885
0.064941
0.058838
0.057373
0.062256
0.055908
0.060059
0.056396
0.053223
0.058105
0.05835
0.056885
0.058838
0.049561
0.056396
0.060791
0.057129
0.057373
0.056885
0.057617
0.051514
0.056885
0.049561
0.055664
0.056396
0.05957
0.05835
0.056152
0.055176
0.053467
0.054443
0.058594
0.058105
0.059326
0.056152
0.057373
0.056885
0.052246
0.054443
0.056641
0.054199
0.061279
0.049316
0.054932
0.055908
0.054443
0.060547
0.063232
0.060547
0.057373
0.055664
0.05835
0.061279
0.053711
0.056885
0.058105
0.060303
0.057129
0.064453
0.053955
0.055664
0.057129
0.056396
0.059082
0.052979
0.052734
0.056641
0.056641
0.058838
0.053711
0.050049
0.060059
0.056152
0.052734
0.054443
0.056152
0.054688
0.052979
0.060059
0.054688
0.056396
0.052002
0.052979
0.061279
0.056152
0.061523
0.053467
0.054688
0.052734
0.057617
0.054443
0.058105
0.05542
0.056152
0.061035
0.060303
0.061768
0.053467
0.053467
0.058105
0.053955
0.054932
0.054932
0.053955
0.057373
0.055908
0.060303
0.053955
0.062988
0.054443
0.059082
0.055908
0.057373
0.054688
0.055664
0.053955
0.057129
0.054688
0.053955
0.054199
0.056885
0.056641
0.054199
0.061035
0.055664
0.053955
0.057373
0.052734
0.048584
0.057617
0.054443
0.057373
0.054443
0.049805
0.055664
0.055176
0.054199
0.059082
0.053955
0.056885
0.05835
0.05957
0.057617
0.059326
0.061035
0.057129
0.055664
0.056641
0.056641
0.056885
0.054443
0.059082
0.058594
0.054199
0.057373
0.060059
0.058838
0.056152
0.060059
0.057617
0.060791
0.055664
0.051758
0.056152
0.056885
0.053223
0.056885
0.058594
0.050293
0.05835
0.054932
0.057129
0.052734
0.05542
0.049805
0.057861
0.053711
0.06543
0.050293
0.05542
0.050293
0.053467
0.057373
0.05542
0.055664
0.052246
0.051758
0.055664
0.052979
0.053467
0.052002
0.057617
0.056641
0.059814
0.052002
0.050781
0.054932
0.048828
0.056396
0.059326
0.060303
0.062256
0.055664
0.057861
0.056152
0.061279
